1 1
2 2
3 3
4 4
5 5
6 6
7 7
8 8
9 9
10 10
11 11
12 12
13 13
14 14
15 15
16 16
17 17
18 18
19 19
20 20
21 21
22 22
23 23
24 24
25 25
26 26
27 27
28 28
29 29
30 30
31 31
32 32
33 33
34 34
35 35
36 36
37 37
38 38
39 39
40 40
41 41
42 42
43 43
44 44
45 45
46 46
47 47
48 48
49 49
50 50
51 51
52 52
53 53
54 54
55 55
56 56
57 57
58 58
59 59
60 60
61 61
62 62
63 63
64 64
65 65
66 66
67 67
68 68
69 69
70 70
71 71
72 72
73 73
74 74
75 75
76 76
77 77
78 78
79 79
80 80
81 81
82 82
83 83
84 84
85 85
86 86
87 87
88 88
89 89
90 90
91 91
92 92
93 93
94 94
95 95
96 96
97 97
98 98
99 99
100 100
101 101
102 102
103 103
104 104
105 105
106 106
107 107
108 108
109 109
110 110
111 111
112 112
113 113
114 114
115 115
116 116
117 117
118 118
119 119
120 120
121 121
122 122
123 123
124 124
125 125
126 126
127 127
128 128
129 129
130 130
131 131
132 132
133 133
134 134
135 135
136 136
137 137
138 138
139 139
140 140
141 141
142 142
143 143
144 144
145 145
146 146
147 147
148 148
149 149
150 150
151 151
152 152
153 153
154 154
155 155
156 156
157 157
158 158
159 159
160 160
161 161
162 162
163 163
164 164
165 165
166 166
167 167
168 168
169 169
170 170
171 171
172 172
173 173
174 174
175 175
176 176
177 177
178 178
179 179
180 180
181 181
182 182
183 183
184 184
185 185
186 186
187 187
317 188
318 189
319 190
320 191
321 192
322 193
323 194
324 195
325 196
326 197
327 198
328 199
329 200
330 201
331 202
332 203
333 204
334 205
335 206
336 207
337 208
338 209
339 210
340 211
341 212
342 213
343 214
344 215
345 216
346 217
347 218
348 219
349 220
350 221
351 222
352 223
353 224
354 225
355 226
356 227
357 228
358 229
359 230
360 231
361 232
362 233
363 234
364 235
365 236
366 237
367 238
368 239
369 240
370 241
371 242
372 243
373 244
374 245
375 246
376 247
377 248
378 249
379 250
380 251
381 252
382 253
383 254
384 255
385 256
386 257
387 258
388 259
389 260
390 261
391 262
392 263
393 264
394 265
395 266
396 267
397 268
398 269
399 270
400 271
401 272
402 273
403 274
404 275
405 276
406 277
407 278
408 279
409 280
410 281
411 282
412 283
413 284
414 285
415 286
416 287
417 288
418 289
419 290
420 291
421 292
422 293
423 294
424 295
425 296
426 297
427 298
428 299
429 300
430 301
431 302
432 303
433 304
434 305
435 306
436 307
437 308
438 309
439 310
440 311
441 312
442 313
443 314
444 315
445 316
446 317
447 318
448 319
449 320
450 321
451 322
452 323
453 324
454 325
455 326
456 327
457 328
458 329
459 330
460 331
461 332
462 333
463 334
464 335
465 336
466 337
467 338
468 339
469 340
470 341
471 342
472 343
473 344
474 345
475 346
476 347
477 348
478 349
479 350
480 351
481 352
482 353
483 354
484 355
485 356
486 357
487 358
488 359
489 360
490 361
491 362
492 363
493 364
494 365
495 366
496 367
497 368
498 369
499 370
500 371
501 372
502 373
503 374
504 375
505 376
506 377
507 378
508 379
509 380
510 381
511 382
512 383
513 384
514 385
515 386
516 387
517 388
518 389
519 390
520 391
521 392
522 393
523 394
524 395
525 396
526 397
527 398
528 399
529 400
530 401
531 402
532 403
533 404
534 405
535 406
536 407
537 408
538 409
539 410
540 411
541 412
542 413
543 414
544 415
545 416
546 417
547 418
548 419
549 420
550 421
551 422
552 423
553 424
554 425
555 426
556 427
557 428
558 429
559 430
560 431
561 432
562 433
563 434
564 435
565 436
566 437
567 438
568 439
569 440
570 441
571 442
572 443
573 444
574 445
575 446
576 447
577 448
578 449
579 450
580 451
581 452
582 453
583 454
584 455
585 456
586 457
587 458
588 459
589 460
590 461
591 462
592 463
593 464
594 465
595 466
596 467
597 468
598 469
599 470
600 471
601 472
602 473
603 474
604 475
605 476
606 477
607 478
608 479
609 480
610 481
611 482
612 483
613 484
614 485
615 486
616 487
617 488
618 489
619 490
620 491
621 492
622 493
623 494
624 495
625 496
626 497
627 498
628 499
629 500
630 501
631 502
632 503
633 504
634 505
635 506
636 507
637 508
638 509
639 510
640 511
641 512
642 513
643 514
644 515
645 516
646 517
647 518
648 519
649 520
650 521
651 522
652 523
653 524
654 525
655 526
656 527
657 528
658 529
659 530
660 531
661 532
662 533
663 534
664 535
665 536
666 537
667 538
668 539
669 540
670 541
671 542
672 543
673 544
674 545
675 546
676 547
677 548
678 549
679 550
680 551
681 552
682 553
683 554
684 555
685 556
686 557
687 558
688 559
689 560
690 561
691 562
692 563
693 564
694 565
695 566
696 567
697 568
698 569
699 570
700 571
701 572
702 573
703 574
704 575
705 576
706 577
707 578
708 579
709 580
710 581
711 582
712 583
713 584
714 585
715 586
716 587
717 588
718 589
719 590
720 591
721 592
722 593
723 594
724 595
725 596
726 597
727 598
728 599
729 600
730 601
731 602
732 603
733 604
734 605
735 606
736 607
737 608
738 609
739 610
740 611
741 612
742 613
743 614
744 615
745 616
746 617
747 618
748 619
749 620
750 621
751 622
752 623
753 624
754 625
755 626
756 627
757 628
758 629
759 630
760 631
761 632
762 633
763 634
764 635
765 636
766 637
767 638
768 639
769 640
770 641
771 642
772 643
773 644
774 645
775 646
776 647
777 648
778 649
779 650
780 651
781 652
782 653
783 654
784 655
785 656
786 657
787 658
788 659
789 660
790 661
791 662
792 663
793 664
794 665
795 666
796 667
797 668
798 669
799 670
800 671
801 672
802 673
803 674
804 675
805 676
806 677
807 678
808 679
809 680
810 681
811 682
812 683
813 684
814 685
815 686
816 687
817 688
818 689
819 690
820 691
821 692
822 693
823 694
824 695
825 696
826 697
827 698
828 699
829 700
830 701
831 702
832 703
833 704
834 705
835 706
836 707
837 708
838 709
839 710
840 711
841 712
842 713
843 714
844 715
845 716
846 717
847 718
848 719
849 720
850 721
851 722
852 723
853 724
854 725
855 726
856 727
857 728
858 729
859 730
860 731
861 732
862 733
863 734
864 735
865 736
866 737
867 738
868 739
869 740
870 741
871 742
872 743
873 744
874 745
875 746
876 747
877 748
878 749
879 750
880 751
881 752
882 753
883 754
884 755
885 756
886 757
887 758
888 759
889 760
890 761
891 762
892 763
893 764
894 765
895 766
896 767
897 768
898 769
899 770
900 771
901 772
902 773
903 774
904 775
905 776
906 777
907 778
908 779
909 780
910 781
911 782
912 783
913 784
914 785
915 786
916 787
917 788
918 789
919 790
920 791
921 792
922 793
923 794
924 795
925 796
926 797
927 798
928 799
929 800
930 801
931 802
932 803
933 804
934 805
935 806
936 807
937 808
938 809
939 810
940 811
941 812
942 813
943 814
944 815
945 816
946 817
947 818
948 819
949 820
950 821
951 822
952 823
953 824
954 825
955 826
956 827
957 828
958 829
959 830
960 831
961 832
962 833
963 834
964 835
965 836
966 837
967 838
968 839
969 840
970 841
971 842
972 843
973 844
974 845
975 846
976 847
977 848
978 849
979 850
980 851
981 852
982 853
983 854
984 855
985 856
986 857
987 858
988 859
989 860
990 861
991 862
992 863
993 864
994 865
995 866
996 867
997 868
998 869
999 870
1000 871
1001 872
1002 873
1003 874
1004 875
1005 876
1006 877
1007 878
1008 879
1009 880
1010 881
1011 882
1012 883
1013 884
1014 885
1015 886
1016 887
1017 888
1018 889
1019 890
1020 891
1021 892
1022 893
1023 894
1024 895
1025 896
1026 897
1027 898
1028 899
1029 900
1030 901
1031 902
1032 903
1033 904
1034 905
1035 906
1036 907
1037 908
1038 909
1039 910
1040 911
1041 912
1042 913
1043 914
1044 915
1045 916
1046 917
1047 918
1048 919
1049 920
1050 921
1051 922
1052 923
1053 924
1054 925
1055 926
1056 927
1057 928
1058 929
1059 930
1060 931
1061 932
1062 933
1063 934
1064 935
1065 936
1066 937
1067 938
1068 939
1069 940
1070 941
1071 942
1072 943
1073 944
1074 945
1075 946
1076 947
1077 948
1078 949
1079 950
1080 951
1081 952
1082 953
1083 954
1084 955
1085 956
1086 957
1087 958
1088 959
1089 960
1090 961
1091 962
1092 963
1093 964
1094 965
1095 966
1096 967
1097 968
1098 969
1099 970
1100 971
1101 972
1102 973
1103 974
1104 975
1105 976
1106 977
1107 978
1108 979
1109 980
1110 981
1111 982
1112 983
1113 984
1114 985
1115 986
1116 987
1117 988
1118 989
1119 990
1120 991
1121 992
1122 993
1123 994
1124 995
1125 996
1126 997
1127 998
1128 999
1129 1000
1130 1001
1131 1002
1132 1003
1133 1004
1134 1005
1135 1006
1136 1007
1137 1008
1138 1009
1139 1010
1140 1011
1141 1012
1142 1013
1143 1014
1144 1015
1145 1016
1146 1017
1147 1018
1148 1019
1149 1020
1150 1021
1151 1022
1152 1023
1153 1024
1154 1025
1155 1026
1156 1027
1157 1028
1158 1029
1159 1030
1160 1031
1161 1032
1162 1033
1163 1034
1164 1035
1165 1036
1166 1037
1167 1038
1168 1039
1169 1040
1170 1041
1171 1042
1172 1043
1173 1044
1174 1045
1175 1046
1176 1047
1177 1048
1178 1049
1179 1050
1180 1051
1181 1052
1182 1053
1183 1054
1184 1055
1185 1056
1186 1057
1187 1058
1188 1059
1189 1060
1190 1061
1191 1062
1192 1063
1193 1064
1194 1065
1195 1066
1196 1067
1197 1068
1198 1069
1199 1070
1200 1071
1201 1072
1202 1073
1203 1074
1204 1075
1205 1076
1206 1077
1207 1078
1208 1079
1209 1080
1210 1081
1211 1082
1212 1083
1213 1084
1214 1085
1215 1086
1216 1087
1217 1088
1218 1089
1219 1090
1220 1091
1221 1092
1222 1093
1223 1094
1224 1095
1225 1096
1226 1097
1227 1098
1228 1099
1229 1100
1230 1101
1231 1102
1232 1103
1233 1104
1234 1105
1235 1106
1236 1107
1237 1108
1238 1109
1239 1110
1240 1111
1241 1112
1242 1113
1243 1114
1244 1115
1245 1116
1246 1117
1247 1118
1248 1119
1249 1120
1250 1121
1251 1122
1252 1123
1253 1124
1254 1125
1255 1126
1256 1127
1257 1128
1258 1129
1259 1130
1260 1131
1261 1132
1262 1133
1263 1134
1264 1135
1265 1136
1266 1137
1267 1138
1268 1139
1269 1140
1270 1141
1271 1142
1272 1143
1273 1144
1274 1145
1275 1146
1276 1147
1277 1148
1278 1149
1279 1150
1280 1151
1281 1152
1282 1153
1283 1154
1284 1155
1285 1156
1286 1157
1287 1158
1288 1159
1289 1160
1290 1161
1291 1162
1292 1163
1293 1164
1294 1165
1295 1166
1296 1167
1297 1168
1298 1169
1299 1170
1300 1171
1301 1172
1302 1173
1303 1174
1304 1175
1305 1176
1306 1177
1307 1178
1308 1179
1309 1180
1310 1181
1311 1182
1312 1183
1313 1184
1314 1185
1315 1186
1316 1187
1317 1188
1318 1189
1319 1190
1320 1191
1321 1192
1322 1193
1323 1194
1324 1195
1325 1196
1326 1197
1327 1198
1328 1199
1329 1200
1330 1201
1331 1202
1332 1203
1333 1204
1334 1205
1335 1206
1336 1207
1337 1208
1338 1209
1339 1210
1340 1211
1341 1212
1342 1213
1343 1214
1344 1215
1345 1216
1346 1217
1347 1218
1348 1219
1349 1220
1350 1221
1351 1222
1352 1223
1353 1224
1354 1225
1355 1226
1356 1227
1357 1228
1358 1229
1359 1230
1360 1231
1361 1232
1362 1233
1363 1234
1364 1235
1365 1236
1366 1237
1367 1238
1368 1239
1369 1240
1370 1241
1371 1242
1372 1243
1373 1244
1374 1245
1375 1246
1376 1247
1377 1248
1378 1249
1379 1250
1380 1251
1381 1252
1382 1253
1383 1254
1384 1255
1385 1256
1386 1257
1387 1258
1388 1259
1389 1260
1390 1261
1391 1262
1392 1263
1393 1264
1394 1265
1395 1266
1396 1267
1397 1268
1398 1269
1399 1270
1400 1271
1401 1272
1402 1273
1403 1274
1404 1275
1405 1276
1406 1277
1407 1278
1408 1279
1409 1280
1410 1281
1411 1282
1412 1283
1413 1284
1414 1285
1415 1286
1416 1287
1417 1288
1418 1289
1419 1290
1420 1291
1421 1292
1422 1293
1423 1294
1424 1295
1425 1296
1426 1297
1427 1298
1428 1299
1429 1300
1430 1301
1431 1302
1432 1303
1433 1304
1434 1305
1435 1306
1436 1307
1437 1308
1438 1309
1439 1310
1440 1311
1441 1312
1442 1313
1443 1314
1444 1315
1445 1316
1446 1317
1447 1318
1448 1319
1449 1320
1450 1321
1451 1322
1452 1323
1453 1324
1454 1325
1455 1326
1456 1327
1457 1328
1458 1329
1459 1330
1460 1331
1461 1332
1462 1333
1463 1334
1464 1335
1465 1336
1466 1337
1467 1338
1468 1339
1469 1340
1470 1341
1471 1342
1472 1343
1473 1344
1474 1345
1475 1346
1476 1347
1477 1348
1478 1349
1479 1350
1480 1351
1481 1352
1482 1353
1483 1354
1484 1355
1485 1356
1486 1357
1487 1358
1488 1359
1489 1360
1490 1361
1491 1362
1492 1363
1493 1364
1494 1365
1495 1366
1496 1367
1497 1368
1498 1369
1499 1370
1500 1371
1501 1372
1502 1373
1503 1374
1504 1375
1505 1376
1506 1377
1507 1378
1508 1379
1509 1380
1510 1381
1511 1382
1512 1383
1513 1384
1514 1385
1515 1386
1516 1387
1517 1388
1518 1389
1519 1390
1520 1391
1521 1392
1522 1393
1523 1394
1524 1395
1525 1396
1526 1397
1527 1398
1528 1399
1529 1400
1530 1401
1531 1402
1532 1403
1533 1404
1534 1405
1535 1406
1536 1407
1537 1408
1538 1409
1539 1410
1540 1411
1541 1412
1542 1413
1543 1414
1544 1415
1545 1416
1546 1417
1547 1418
1548 1419
1549 1420
1550 1421
1551 1422
1552 1423
1553 1424
1554 1425
1555 1426
1556 1427
1557 1428
1558 1429
1559 1430
1560 1431
1561 1432
1562 1433
1563 1434
1564 1435
1565 1436
1566 1437
1567 1438
1568 1439
1569 1440
1570 1441
1571 1442
1572 1443
1573 1444
1574 1445
1575 1446
1576 1447
1577 1448
1578 1449
1579 1450
1580 1451
1581 1452
1582 1453
1583 1454
1584 1455
1585 1456
1586 1457
1587 1458
1588 1459
1589 1460
1590 1461
1591 1462
1592 1463
1593 1464
1594 1465
1595 1466
1596 1467
1597 1468
1598 1469
1599 1470
1600 1471
1601 1472
1602 1473
1603 1474
1604 1475
1605 1476
1606 1477
1607 1478
1608 1479
1609 1480
1610 1481
1611 1482
1612 1483
1613 1484
1614 1485
1615 1486
1616 1487
1617 1488
1618 1489
1619 1490
1620 1491
1621 1492
1622 1493
1623 1494
1624 1495
1625 1496
1626 1497
1627 1498
1628 1499
1629 1500
1630 1501
1631 1502
1632 1503
1633 1504
1634 1505
1635 1506
1636 1507
1637 1508
1638 1509
1639 1510
1640 1511
1641 1512
1642 1513
1643 1514
1644 1515
1645 1516
1646 1517
1647 1518
1648 1519
1649 1520
1650 1521
1651 1522
1652 1523
1653 1524
1654 1525
1655 1526
1656 1527
1657 1528
1658 1529
1659 1530
1660 1531
1661 1532
1662 1533
1663 1534
1664 1535
1665 1536
1666 1537
1667 1538
1668 1539
1669 1540
1670 1541
1671 1542
1672 1543
1673 1544
1674 1545
1675 1546
1676 1547
1677 1548
1678 1549
1679 1550
1680 1551
1681 1552
1682 1553
1683 1554
1684 1555
1685 1556
1686 1557
1687 1558
1688 1559
1689 1560
1690 1561
1691 1562
1692 1563
1693 1564
1694 1565
1695 1566
1696 1567
1697 1568
1698 1569
1699 1570
1700 1571
1701 1572
1702 1573
1703 1574
1704 1575
1705 1576
1706 1577
1707 1578
1708 1579
1709 1580
1710 1581
1711 1582
1712 1583
1713 1584
1714 1585
1715 1586
1716 1587
1717 1588
1718 1589
1719 1590
1720 1591
1721 1592
1722 1593
1723 1594
1724 1595
1725 1596
1726 1597
1727 1598
1728 1599
1729 1600
1730 1601
1731 1602
1732 1603
1733 1604
1734 1605
1735 1606
1736 1607
1737 1608
1738 1609
1739 1610
1740 1611
1741 1612
1742 1613
1743 1614
1744 1615
1745 1616
1746 1617
1747 1618
1748 1619
1749 1620
1750 1621
1751 1622
1752 1623
1753 1624
1754 1625
1755 1626
1756 1627
1757 1628
1758 1629
1759 1630
1760 1631
1761 1632
1762 1633
1763 1634
1764 1635
1765 1636
1766 1637
1767 1638
1768 1639
1769 1640
1770 1641
1771 1642
1772 1643
1773 1644
1774 1645
1775 1646
1776 1647
1777 1648
1778 1649
1779 1650
1780 1651
1781 1652
1782 1653
1783 1654
1784 1655
1785 1656
1786 1657
1787 1658
1788 1659
1789 1660
1790 1661
1791 1662
1792 1663
1793 1664
1794 1665
1795 1666
1796 1667
1797 1668
1798 1669
1799 1670
1800 1671
1801 1672
1802 1673
1803 1674
1804 1675
1805 1676
1806 1677
1807 1678
1808 1679
1809 1680
1810 1681
1811 1682
1812 1683
1813 1684
1814 1685
1815 1686
1816 1687
1817 1688
1818 1689
1819 1690
1820 1691
1821 1692
1822 1693
1823 1694
1824 1695
1825 1696
1826 1697
1827 1698
1828 1699
1829 1700
1830 1701
1831 1702
1832 1703
1833 1704
1834 1705
1835 1706
1836 1707
1837 1708
1838 1709
1839 1710
1840 1711
1841 1712
1842 1713
1843 1714
1844 1715
1845 1716
1846 1717
1847 1718
1848 1719
1849 1720
1850 1721
1851 1722
1852 1723
1853 1724
1854 1725
1855 1726
1856 1727
1857 1728
1858 1729
1859 1730
1860 1731
1861 1732
1862 1733
1863 1734
1864 1735
1865 1736
1866 1737
1867 1738
1868 1739
1869 1740
1870 1741
1871 1742
1872 1743
1873 1744
1874 1745
1875 1746
1876 1747
1877 1748
1878 1749
1879 1750
1880 1751
1881 1752
1882 1753
1883 1754
1884 1755
1885 1756
1886 1757
1887 1758
1888 1759
1889 1760
1890 1761
1891 1762
1892 1763
1893 1764
1894 1765
1895 1766
1896 1767
1897 1768
1898 1769
1899 1770
1900 1771
1901 1772
1902 1773
1903 1774
1904 1775
1905 1776
1906 1777
1907 1778
1908 1779
1909 1780
1910 1781
1911 1782
1912 1783
1913 1784
1914 1785
1915 1786
1916 1787
1917 1788
1918 1789
1919 1790
1920 1791
1921 1792
1922 1793
1923 1794
1924 1795
1925 1796
1926 1797
1927 1798
1928 1799
1929 1800
1930 1801
1931 1802
1932 1803
1933 1804
1934 1805
1935 1806
1936 1807
1937 1808
1938 1809
1939 1810
1940 1811
1941 1812
1942 1813
1943 1814
1944 1815
1945 1816
1946 1817
1947 1818
1948 1819
1949 1820
1950 1821
1951 1822
1952 1823
1953 1824
1954 1825
1955 1826
1956 1827
1957 1828
1958 1829
1959 1830
1960 1831
1961 1832
1962 1833
1963 1834
1964 1835
1965 1836
1966 1837
1967 1838
1968 1839
1969 1840
1970 1841
1971 1842
1972 1843
1973 1844
1974 1845
1975 1846
1976 1847
1977 1848
1978 1849
1979 1850
1980 1851
1981 1852
1982 1853
1983 1854
1984 1855
1985 1856
1986 1857
1987 1858
1988 1859
1989 1860
1990 1861
1991 1862
1992 1863
1993 1864
1994 1865
1995 1866
1996 1867
1997 1868
1998 1869
1999 1870
2000 1871
2001 1872
2002 1873
2003 1874
2004 1875
2005 1876
2006 1877
2007 1878
2008 1879
2009 1880
2010 1881
2011 1882
2012 1883
2013 1884
2014 1885
2015 1886
2016 1887
2017 1888
2018 1889
2019 1890
2020 1891
2021 1892
2022 1893
2023 1894
2024 1895
2025 1896
2026 1897
2027 1898
2028 1899
2029 1900
2030 1901
2031 1902
2032 1903
2033 1904
2034 1905
2035 1906
2036 1907
2037 1908
2038 1909
2039 1910
2040 1911
2041 1912
2042 1913
2043 1914
2044 1915
2045 1916
2046 1917
2047 1918
2048 1919
2049 1920
2050 1921
2051 1922
2052 1923
2053 1924
2054 1925
2055 1926
2056 1927
2057 1928
2058 1929
2059 1930
2060 1931
2061 1932
2062 1933
2063 1934
2064 1935
2065 1936
2066 1937
2067 1938
2068 1939
2069 1940
2070 1941
2071 1942
2072 1943
2073 1944
2074 1945
2075 1946
2076 1947
2077 1948
2078 1949
2079 1950
2080 1951
2081 1952
2082 1953
2083 1954
2084 1955
2085 1956
2086 1957
2087 1958
2088 1959
2089 1960
2090 1961
2091 1962
2092 1963
2093 1964
2094 1965
2095 1966
2096 1967
2097 1968
2098 1969
2099 1970
2100 1971
2101 1972
2102 1973
2103 1974
2104 1975
2105 1976
2106 1977
2107 1978
2108 1979
2109 1980
2110 1981
2111 1982
2112 1983
2113 1984
2114 1985
2115 1986
2116 1987
2117 1988
2118 1989
2119 1990
2120 1991
2121 1992
2122 1993
2123 1994
2124 1995
2125 1996
2126 1997
2127 1998
2128 1999
2129 2000
2130 2001
2131 2002
2132 2003
2133 2004
2134 2005
3444 2006
3445 2007
3446 2008
3447 2009
3448 2010
3449 2011
3450 2012
3451 2013
3452 2014
3453 2015
3454 2016
3455 2017
3456 2018
3457 2019
3458 2020
3459 2021
3460 2022
3461 2023
3462 2024
3463 2025
3464 2026
3465 2027
3466 2028
3467 2029
3468 2030
3469 2031
3470 2032
3471 2033
3472 2034
3473 2035
3474 2036
3475 2037
3476 2038
3477 2039
3478 2040
3479 2041
3480 2042
3481 2043
3482 2044
3483 2045
3484 2046
3485 2047
3486 2048
3487 2049
3488 2050
3489 2051
3490 2052
3491 2053
3492 2054
3493 2055
3494 2056
3495 2057
3496 2058
3497 2059
3498 2060
3499 2061
3500 2062
3501 2063
3502 2064
3503 2065
3504 2066
3505 2067
3506 2068
3507 2069
3508 2070
3509 2071
3510 2072
3511 2073
3512 2074
3513 2075
3514 2076
3515 2077
3516 2078
3517 2079
3518 2080
3519 2081
3520 2082
3521 2083
3522 2084
3523 2085
3524 2086
3525 2087
3526 2088
3527 2089
3528 2090
3529 2091
3530 2092
3531 2093
3532 2094
3533 2095
3534 2096
3535 2097
3536 2098
3537 2099
3538 2100
3539 2101
3540 2102
3541 2103
3542 2104
3543 2105
3544 2106
3545 2107
3546 2108
3547 2109
3548 2110
3549 2111
3550 2112
3551 2113
3552 2114
3553 2115
3554 2116
3555 2117
3556 2118
3557 2119
3558 2120
3559 2121
3560 2122
3561 2123
3562 2124
3563 2125
3564 2126
3565 2127
3566 2128
3567 2129
3568 2130
3569 2131
3570 2132
3571 2133
3572 2134
3573 2135
3574 2136
3575 2137
3576 2138
3577 2139
3578 2140
3579 2141
3580 2142
3581 2143
3582 2144
3583 2145
3584 2146
3585 2147
3586 2148
3587 2149
3588 2150
3589 2151
3590 2152
3591 2153
3592 2154
3593 2155
3594 2156
3595 2157
3596 2158
3597 2159
3598 2160
3599 2161
3600 2162
3601 2163
3602 2164
3603 2165
3604 2166
3605 2167
3606 2168
3607 2169
3608 2170
3609 2171
3610 2172
3611 2173
3612 2174
3613 2175
3614 2176
3615 2177
3616 2178
3617 2179
3618 2180
3619 2181
3620 2182
3621 2183
3622 2184
3623 2185
3624 2186
3625 2187
3626 2188
3627 2189
3628 2190
3629 2191
3630 2192
3631 2193
3632 2194
3633 2195
3634 2196
3635 2197
3636 2198
3637 2199
3638 2200
3639 2201
3640 2202
3641 2203
3642 2204
3643 2205
3644 2206
3645 2207
3646 2208
3647 2209
3648 2210
3649 2211
3650 2212
3651 2213
3652 2214
3653 2215
3654 2216
3655 2217
3656 2218
3657 2219
3658 2220
3659 2221
3660 2222
3661 2223
3662 2224
3663 2225
3664 2226
3665 2227
3666 2228
3667 2229
3668 2230
3669 2231
3670 2232
3671 2233
3672 2234
3673 2235
3674 2236
3675 2237
3676 2238
3677 2239
3678 2240
3679 2241
3680 2242
3681 2243
3682 2244
3683 2245
3684 2246
3685 2247
3686 2248
3687 2249
3688 2250
3689 2251
3690 2252
3691 2253
3692 2254
3693 2255
3694 2256
3695 2257
3696 2258
3697 2259
3698 2260
3699 2261
3700 2262
3701 2263
3702 2264
3703 2265
3704 2266
3705 2267
3706 2268
3707 2269
3708 2270
3709 2271
3710 2272
3711 2273
3712 2274
3713 2275
3714 2276
3715 2277
3716 2278
3717 2279
3718 2280
3719 2281
3720 2282
3721 2283
3722 2284
3723 2285
3724 2286
3725 2287
3726 2288
3727 2289
3728 2290
3729 2291
3730 2292
3731 2293
3732 2294
3733 2295
3734 2296
3735 2297
3736 2298
3737 2299
3738 2300
3739 2301
3740 2302
3741 2303
3742 2304
3743 2305
3744 2306
3745 2307
3746 2308
3747 2309
3748 2310
3749 2311
3750 2312
3751 2313
3752 2314
3753 2315
3754 2316
3755 2317
3756 2318
3757 2319
3758 2320
3759 2321
3760 2322
3761 2323
3762 2324
3763 2325
3764 2326
3765 2327
3766 2328
3767 2329
3768 2330
3769 2331
3770 2332
3771 2333
3772 2334
3773 2335
3774 2336
3775 2337
3776 2338
3777 2339
3778 2340
3779 2341
3780 2342
3781 2343
3782 2344
3783 2345
3784 2346
3785 2347
3786 2348
3787 2349
3788 2350
3789 2351
3790 2352
3791 2353
3792 2354
3793 2355
3794 2356
3795 2357
3796 2358
3797 2359
3798 2360
3799 2361
3800 2362
3801 2363
3802 2364
3803 2365
3804 2366
3805 2367
3806 2368
3807 2369
3808 2370
3809 2371
3810 2372
3811 2373
3812 2374
3813 2375
3814 2376
3815 2377
3816 2378
3817 2379
3818 2380
3819 2381
3820 2382
3821 2383
3822 2384
3823 2385
3824 2386
3825 2387
3826 2388
3827 2389
3828 2390
3829 2391
3830 2392
3831 2393
3832 2394
3833 2395
3834 2396
3835 2397
3836 2398
3837 2399
3838 2400
3839 2401
3840 2402
3841 2403
3842 2404
3843 2405
3844 2406
3845 2407
3846 2408
3847 2409
3848 2410
3849 2411
3850 2412
3851 2413
3852 2414
3853 2415
3854 2416
3855 2417
3856 2418
3857 2419
3858 2420
3859 2421
3860 2422
3861 2423
3862 2424
3863 2425
3864 2426
3865 2427
3866 2428
3867 2429
3868 2430
3869 2431
3870 2432
3871 2433
3872 2434
3873 2435
3874 2436
3875 2437
3876 2438
3877 2439
3878 2440
3879 2441
3880 2442
3881 2443
3882 2444
3883 2445
3884 2446
3885 2447
3886 2448
3887 2449
3888 2450
3889 2451
3890 2452
3891 2453
3892 2454
3893 2455
3894 2456
3895 2457
3896 2458
3897 2459
3898 2460
3899 2461
3900 2462
3901 2463
3902 2464
3903 2465
3904 2466
3905 2467
3906 2468
3907 2469
3908 2470
3909 2471
3910 2472
3911 2473
3912 2474
3913 2475
3914 2476
3915 2477
3916 2478
3917 2479
3918 2480
3919 2481
3920 2482
3921 2483
3922 2484
3923 2485
3924 2486
3925 2487
3926 2488
3927 2489
3928 2490
3929 2491
3930 2492
3931 2493
3932 2494
3933 2495
3934 2496
3935 2497
3936 2498
3937 2499
3938 2500
3939 2501
3940 2502
3941 2503
3942 2504
3943 2505
3944 2506
3945 2507
3946 2508
3947 2509
3948 2510
3949 2511
3950 2512
3951 2513
3952 2514
3953 2515
3954 2516
3955 2517
3956 2518
3957 2519
3958 2520
3959 2521
3960 2522
3961 2523
3962 2524
3963 2525
3964 2526
3965 2527
3966 2528
3967 2529
3968 2530
3969 2531
3970 2532
3971 2533
3972 2534
3973 2535
3974 2536
3975 2537
3976 2538
3977 2539
3978 2540
3979 2541
3980 2542
3981 2543
3982 2544
3983 2545
3984 2546
3985 2547
3986 2548
3987 2549
3988 2550
3989 2551
3990 2552
3991 2553
3992 2554
3993 2555
3994 2556
3995 2557
3996 2558
3997 2559
3998 2560
3999 2561
4000 2562
4001 2563
4002 2564
4003 2565
4004 2566
4005 2567
4006 2568
4007 2569
4008 2570
4009 2571
4010 2572
4011 2573
4012 2574
4013 2575
4014 2576
4015 2577
4016 2578
4017 2579
4018 2580
4019 2581
4020 2582
4021 2583
4022 2584
4023 2585
4024 2586
4025 2587
4026 2588
4027 2589
4028 2590
4029 2591
4030 2592
4031 2593
4032 2594
4033 2595
4034 2596
4035 2597
4036 2598
4037 2599
4038 2600
4039 2601
4040 2602
4041 2603
4042 2604
4043 2605
4044 2606
4045 2607
4046 2608
4047 2609
4048 2610
4049 2611
4050 2612
4051 2613
4052 2614
4053 2615
4054 2616
4055 2617
4056 2618
4057 2619
4058 2620
4059 2621
4060 2622
4061 2623
4062 2624
4063 2625
4064 2626
4065 2627
4066 2628
4067 2629
4068 2630
4069 2631
4070 2632
4071 2633
4072 2634
4073 2635
4074 2636
4075 2637
4076 2638
4077 2639
4078 2640
4079 2641
4080 2642
4081 2643
4082 2644
4083 2645
4084 2646
4085 2647
4086 2648
4087 2649
4088 2650
4089 2651
4090 2652
4091 2653
4092 2654
4093 2655
4094 2656
4095 2657
4096 2658
4097 2659
4098 2660
4099 2661
4100 2662
4101 2663
4102 2664
4103 2665
4104 2666
4105 2667
4106 2668
4107 2669
4108 2670
4109 2671
4110 2672
4111 2673
4112 2674
4113 2675
4114 2676
4115 2677
4116 2678
4117 2679
4118 2680
4119 2681
4120 2682
4121 2683
4122 2684
4123 2685
4124 2686
4125 2687
4126 2688
4127 2689
4128 2690
4129 2691
4130 2692
4131 2693
4132 2694
4133 2695
4134 2696
4135 2697
4136 2698
4137 2699
4138 2700
4139 2701
4140 2702
4141 2703
4142 2704
4143 2705
4144 2706
4145 2707
4146 2708
4147 2709
4148 2710
4149 2711
4150 2712
4151 2713
4152 2714
4153 2715
4154 2716
4155 2717
4156 2718
4157 2719
4158 2720
4159 2721
4160 2722
4161 2723
4162 2724
4163 2725
4164 2726
4165 2727
4166 2728
4167 2729
4168 2730
4169 2731
4170 2732
4171 2733
4172 2734
4173 2735
4174 2736
4175 2737
4176 2738
4177 2739
4178 2740
4179 2741
4180 2742
4181 2743
4182 2744
4183 2745
4184 2746
4185 2747
4186 2748
4187 2749
4188 2750
4189 2751
4190 2752
4191 2753
4192 2754
4193 2755
4194 2756
4195 2757
4196 2758
4197 2759
4198 2760
4199 2761
4200 2762
4201 2763
4202 2764
4203 2765
4204 2766
4205 2767
4206 2768
4207 2769
4208 2770
4209 2771
4210 2772
4211 2773
4212 2774
4213 2775
4214 2776
4215 2777
4216 2778
4217 2779
4218 2780
4219 2781
4220 2782
4221 2783
4222 2784
4223 2785
4224 2786
4225 2787
4226 2788
4227 2789
4228 2790
4229 2791
4230 2792
4231 2793
4232 2794
4233 2795
4234 2796
4235 2797
4236 2798
4237 2799
4238 2800
4239 2801
4240 2802
4241 2803
4242 2804
4243 2805
4244 2806
4245 2807
4246 2808
4247 2809
4248 2810
4249 2811
4250 2812
4251 2813
4252 2814
4253 2815
4254 2816
4255 2817
4256 2818
4257 2819
4258 2820
4259 2821
4260 2822
4261 2823
4262 2824
4263 2825
4264 2826
4265 2827
4266 2828
4267 2829
4268 2830
4269 2831
4270 2832
4271 2833
4272 2834
4273 2835
4274 2836
4275 2837
4276 2838
4277 2839
4278 2840
4279 2841
4280 2842
4281 2843
4282 2844
4283 2845
4284 2846
4285 2847
4286 2848
4287 2849
4288 2850
4289 2851
4290 2852
4291 2853
4292 2854
4293 2855
4294 2856
4295 2857
4296 2858
4297 2859
4298 2860
4299 2861
4300 2862
4301 2863
4302 2864
4303 2865
4304 2866
4305 2867
4306 2868
4307 2869
4308 2870
4309 2871
4310 2872
4311 2873
4312 2874
4313 2875
4314 2876
4315 2877
4316 2878
4317 2879
4318 2880
4319 2881
4320 2882
4321 2883
4322 2884
4323 2885
4324 2886
4325 2887
4326 2888
4327 2889
4328 2890
4329 2891
4330 2892
4331 2893
4332 2894
4333 2895
4334 2896
4335 2897
4336 2898
4337 2899
4338 2900
4339 2901
4340 2902
4341 2903
4342 2904
4343 2905
4344 2906
4345 2907
4346 2908
4347 2909
4348 2910
4349 2911
4350 2912
4351 2913
4352 2914
4353 2915
4354 2916
4355 2917
4356 2918
4357 2919
4358 2920
4359 2921
4360 2922
4361 2923
4362 2924
4363 2925
4364 2926
4365 2927
4366 2928
4367 2929
4368 2930
4369 2931
4370 2932
4371 2933
4372 2934
4373 2935
4374 2936
4375 2937
4376 2938
4377 2939
4378 2940
4379 2941
4380 2942
4381 2943
4382 2944
4383 2945
4384 2946
4385 2947
4386 2948
4387 2949
4388 2950
4389 2951
4390 2952
4391 2953
4392 2954
4393 2955
4394 2956
4395 2957
4396 2958
4397 2959
4398 2960
4399 2961
4400 2962
4401 2963
4402 2964
4403 2965
4404 2966
4405 2967
4406 2968
4407 2969
4408 2970
4409 2971
4410 2972
4411 2973
4412 2974
4413 2975
4414 2976
4415 2977
4416 2978
4417 2979
4418 2980
4419 2981
4420 2982
4421 2983
4422 2984
4423 2985
4424 2986
4425 2987
4426 2988
4427 2989
4428 2990
4429 2991
4430 2992
4431 2993
4432 2994
4433 2995
4434 2996
4435 2997
4436 2998
4437 2999
4438 3000
4439 3001
4440 3002
4441 3003
4442 3004
4443 3005
4444 3006
4445 3007
4446 3008
4447 3009
4448 3010
4449 3011
4450 3012
4451 3013
4452 3014
4453 3015
4454 3016
4455 3017
4456 3018
4457 3019
4458 3020
4459 3021
4460 3022
4461 3023
4462 3024
4463 3025
4464 3026
4465 3027
4466 3028
4467 3029
4468 3030
4469 3031
4470 3032
4471 3033
4472 3034
4473 3035
4474 3036
4475 3037
4476 3038
4477 3039
4478 3040
4479 3041
4480 3042
4481 3043
4482 3044
4483 3045
4484 3046
4485 3047
4486 3048
4487 3049
4488 3050
4489 3051
4490 3052
4491 3053
4492 3054
4493 3055
4494 3056
4495 3057
4496 3058
4497 3059
4498 3060
4499 3061
4500 3062
4501 3063
4502 3064
4503 3065
4504 3066
4505 3067
4506 3068
4507 3069
4508 3070
4509 3071
4510 3072
4511 3073
4512 3074
4513 3075
4514 3076
4515 3077
4516 3078
4517 3079
4518 3080
4519 3081
4520 3082
4521 3083
4522 3084
4523 3085
4524 3086
4525 3087
4526 3088
4527 3089
4528 3090
4529 3091
4530 3092
4531 3093
4532 3094
4533 3095
4534 3096
4535 3097
4536 3098
4537 3099
4538 3100
4539 3101
4540 3102
4541 3103
4542 3104
4543 3105
4544 3106
4545 3107
4546 3108
4547 3109
4548 3110
4549 3111
4550 3112
4551 3113
4552 3114
4553 3115
4554 3116
4555 3117
4556 3118
4557 3119
4558 3120
4559 3121
4560 3122
4561 3123
4562 3124
4563 3125
4564 3126
4565 3127
4566 3128
4567 3129
4568 3130
4569 3131
4570 3132
4571 3133
4572 3134
4573 3135
4574 3136
4575 3137
4576 3138
4577 3139
4578 3140
4579 3141
4580 3142
4581 3143
4582 3144
4583 3145
4584 3146
4585 3147
4586 3148
4587 3149
4588 3150
4589 3151
4590 3152
4591 3153
4592 3154
4593 3155
4594 3156
4595 3157
4596 3158
4597 3159
4598 3160
4599 3161
4600 3162
4601 3163
4602 3164
4603 3165
4604 3166
4605 3167
4606 3168
4607 3169
4608 3170
4609 3171
4610 3172
4611 3173
4612 3174
4613 3175
4614 3176
4615 3177
4616 3178
4617 3179
4618 3180
4619 3181
4620 3182
4621 3183
4622 3184
4623 3185
4624 3186
4625 3187
4626 3188
4627 3189
4628 3190
4629 3191
4630 3192
4631 3193
4632 3194
4633 3195
4634 3196
4635 3197
4636 3198
4637 3199
4638 3200
4639 3201
4640 3202
4641 3203
4642 3204
4643 3205
4644 3206
4645 3207
4646 3208
4647 3209
4648 3210
4649 3211
4650 3212
4651 3213
4652 3214
4653 3215
4654 3216
4655 3217
4656 3218
4657 3219
4658 3220
4659 3221
4660 3222
4661 3223
4662 3224
4663 3225
4664 3226
4665 3227
4666 3228
4667 3229
4668 3230
4669 3231
4670 3232
4671 3233
4672 3234
4673 3235
4674 3236
4675 3237
4676 3238
4677 3239
4678 3240
4679 3241
4680 3242
4681 3243
4682 3244
4683 3245
4684 3246
4685 3247
4686 3248
4687 3249
4688 3250
4689 3251
4690 3252
4691 3253
4692 3254
4693 3255
4694 3256
4695 3257
4696 3258
4697 3259
4698 3260
4699 3261
4700 3262
4701 3263
4702 3264
4703 3265
4704 3266
4705 3267
4706 3268
4707 3269
4708 3270
4709 3271
4710 3272
4711 3273
4712 3274
4713 3275
4714 3276
4715 3277
4716 3278
4717 3279
4718 3280
4719 3281
4720 3282
4721 3283
4722 3284
4723 3285
4724 3286
4725 3287
4726 3288
4727 3289
4728 3290
4729 3291
4730 3292
4731 3293
4732 3294
4733 3295
4734 3296
4735 3297
4736 3298
4737 3299
4738 3300
4739 3301
4740 3302
4741 3303
4742 3304
4743 3305
4744 3306
4745 3307
4746 3308
4747 3309
4748 3310
4749 3311
4750 3312
4751 3313
4752 3314
4753 3315
4754 3316
4755 3317
4756 3318
4757 3319
4758 3320
4759 3321
4760 3322
4761 3323
4762 3324
4763 3325
4764 3326
4765 3327
4766 3328
4767 3329
4768 3330
4769 3331
4770 3332
4771 3333
4772 3334
4773 3335
4774 3336
4775 3337
4776 3338
4777 3339
4778 3340
4779 3341
4780 3342
4781 3343
4782 3344
4783 3345
4784 3346
4785 3347
4786 3348
4787 3349
4788 3350
4789 3351
4790 3352
4791 3353
4792 3354
4793 3355
4794 3356
4795 3357
4796 3358
4797 3359
4798 3360
4799 3361
4800 3362
4801 3363
4802 3364
4803 3365
4804 3366
4805 3367
4806 3368
4807 3369
4808 3370
4809 3371
4810 3372
4811 3373
4812 3374
4813 3375
4814 3376
4815 3377
4816 3378
4817 3379
4818 3380
4819 3381
4820 3382
4821 3383
4822 3384
4823 3385
4824 3386
4825 3387
4826 3388
4827 3389
4828 3390
4829 3391
4830 3392
4831 3393
4832 3394
4833 3395
4834 3396
4835 3397
4836 3398
4837 3399
4838 3400
4839 3401
4840 3402
4841 3403
4842 3404
4843 3405
4844 3406
4845 3407
4846 3408
4847 3409
4848 3410
4849 3411
4850 3412
4851 3413
4852 3414
4853 3415
4854 3416
4855 3417
4856 3418
4857 3419
4858 3420
4859 3421
4860 3422
4861 3423
4862 3424
4863 3425
4864 3426
4865 3427
4866 3428
4867 3429
4868 3430
4869 3431
4870 3432
4871 3433
4872 3434
4873 3435
4874 3436
4875 3437
4876 3438
4877 3439
4878 3440
4879 3441
4880 3442
4881 3443
4882 3444
4883 3445
4884 3446
4885 3447
4886 3448
4887 3449
4888 3450
4889 3451
4890 3452
4891 3453
4892 3454
4893 3455
4894 3456
4895 3457
4896 3458
4897 3459
4898 3460
4899 3461
4900 3462
4901 3463
4902 3464
4903 3465
4904 3466
4905 3467
4906 3468
4907 3469
4908 3470
4909 3471
4910 3472
4911 3473
4912 3474
4913 3475
4914 3476
4915 3477
4916 3478
4917 3479
4918 3480
4919 3481
4920 3482
4921 3483
4922 3484
4923 3485
4924 3486
4925 3487
4926 3488
4927 3489
4928 3490
4929 3491
4930 3492
4931 3493
4932 3494
4933 3495
4934 3496
4935 3497
4936 3498
4937 3499
4938 3500
4939 3501
4940 3502
4941 3503
4942 3504
4943 3505
4944 3506
4945 3507
4946 3508
4947 3509
4948 3510
4949 3511
4950 3512
4951 3513
4952 3514
4953 3515
4954 3516
4955 3517
4956 3518
4957 3519
4958 3520
4959 3521
4960 3522
4961 3523
4962 3524
4963 3525
4964 3526
4965 3527
4966 3528
4967 3529
4968 3530
4969 3531
4970 3532
4971 3533
4972 3534
4973 3535
4974 3536
4975 3537
4976 3538
4977 3539
4978 3540
4979 3541
4980 3542
4981 3543
4982 3544
4983 3545
4984 3546
4985 3547
4986 3548
4987 3549
4988 3550
4989 3551
4990 3552
4991 3553
4992 3554
4993 3555
4994 3556
4995 3557
4996 3558
4997 3559
4998 3560
4999 3561
5000 3562
5001 3563
5002 3564
5003 3565
5004 3566
5005 3567
5006 3568
5007 3569
5008 3570
5009 3571
5010 3572
5011 3573
5012 3574
5013 3575
5014 3576
5015 3577
5016 3578
5017 3579
5018 3580
5019 3581
5020 3582
5021 3583
5022 3584
5023 3585
5024 3586
5025 3587
5026 3588
5027 3589
5028 3590
5029 3591
5030 3592
5031 3593
5032 3594
5033 3595
5034 3596
5035 3597
5036 3598
5037 3599
5038 3600
5039 3601
5040 3602
5041 3603
5042 3604
5043 3605
5044 3606
5045 3607
5046 3608
5047 3609
5048 3610
5049 3611
5050 3612
5051 3613
5052 3614
5053 3615
5054 3616
5055 3617
5056 3618
5057 3619
5058 3620
5059 3621
5060 3622
5061 3623
5062 3624
5063 3625
5064 3626
5065 3627
5066 3628
5067 3629
5068 3630
5069 3631
5070 3632
5071 3633
5072 3634
5073 3635
5074 3636
5075 3637
5076 3638
5077 3639
5078 3640
5079 3641
5080 3642
5081 3643
5082 3644
5083 3645
5084 3646
5085 3647
5086 3648
5087 3649
5088 3650
5089 3651
5090 3652
5091 3653
5092 3654
5093 3655
5094 3656
5095 3657
5096 3658
5097 3659
5098 3660
5099 3661
5100 3662
5101 3663
5102 3664
5103 3665
5104 3666
5105 3667
5106 3668
5107 3669
5108 3670
5109 3671
5110 3672
5111 3673
5112 3674
5113 3675
5114 3676
5115 3677
5116 3678
5117 3679
5118 3680
5119 3681
5120 3682
5121 3683
5122 3684
5123 3685
5124 3686
5125 3687
5126 3688
5127 3689
5128 3690
5129 3691
5130 3692
5131 3693
5132 3694
5133 3695
5134 3696
5135 3697
5136 3698
5137 3699
5138 3700
5139 3701
5140 3702
5141 3703
5142 3704
5143 3705
5144 3706
5145 3707
5146 3708
5147 3709
5148 3710
5149 3711
5150 3712
5151 3713
5152 3714
5153 3715
5154 3716
5155 3717
5156 3718
5157 3719
5158 3720
5159 3721
5160 3722
5161 3723
5162 3724
5163 3725
5164 3726
5165 3727
5166 3728
5167 3729
5168 3730
5169 3731
5170 3732
5171 3733
5172 3734
5173 3735
5174 3736
5175 3737
5176 3738
5177 3739
5178 3740
5179 3741
5180 3742
5181 3743
5182 3744
5183 3745
5184 3746
5185 3747
5186 3748
5187 3749
5188 3750
5189 3751
5190 3752
5191 3753
5192 3754
5193 3755
5194 3756
5195 3757
5196 3758
5197 3759
5198 3760
5199 3761
5200 3762
5201 3763
5202 3764
5203 3765
5204 3766
5205 3767
5206 3768
5207 3769
5208 3770
5209 3771
5210 3772
5211 3773
5212 3774
5213 3775
5214 3776
5215 3777
5216 3778
5217 3779
5218 3780
5219 3781
5220 3782
5221 3783
5222 3784
5223 3785
5224 3786
5225 3787
5226 3788
5227 3789
5228 3790
5229 3791
5230 3792
5231 3793
5232 3794
5233 3795
5234 3796
5235 3797
5236 3798
5237 3799
5238 3800
5239 3801
5240 3802
5241 3803
5242 3804
5243 3805
5244 3806
5245 3807
5246 3808
5247 3809
5248 3810
5249 3811
5250 3812
5251 3813
5252 3814
5253 3815
5254 3816
5255 3817
5256 3818
5257 3819
5258 3820
5259 3821
5260 3822
5261 3823
5262 3824
5263 3825
5264 3826
5265 3827
5266 3828
5267 3829
5268 3830
5269 3831
5270 3832
5271 3833
5272 3834
5273 3835
5274 3836
5275 3837
5276 3838
5277 3839
5278 3840
5279 3841
5280 3842
5281 3843
5282 3844
5283 3845
5284 3846
5285 3847
5286 3848
5287 3849
5288 3850
5289 3851
5290 3852
5291 3853
5292 3854
5293 3855
5294 3856
5295 3857
5296 3858
5297 3859
5298 3860
5299 3861
5300 3862
5301 3863
5302 3864
5303 3865
5304 3866
5305 3867
5306 3868
5307 3869
5308 3870
5309 3871
5310 3872
5311 3873
5312 3874
5313 3875
5314 3876
5315 3877
5316 3878
5317 3879
5318 3880
5319 3881
5320 3882
5321 3883
5322 3884
5323 3885
5324 3886
5325 3887
5326 3888
5327 3889
5328 3890
5329 3891
5330 3892
5331 3893
5332 3894
5333 3895
5334 3896
5335 3897
5336 3898
5337 3899
5338 3900
5339 3901
5340 3902
5341 3903
5342 3904
5343 3905
5344 3906
5345 3907
5346 3908
5347 3909
5348 3910
5349 3911
5350 3912
5351 3913
5352 3914
5353 3915
5354 3916
5355 3917
5356 3918
5357 3919
5358 3920
5359 3921
5360 3922
5361 3923
5362 3924
5363 3925
5364 3926
5365 3927
5366 3928
5367 3929
5368 3930
5369 3931
5370 3932
5371 3933
5372 3934
5373 3935
5374 3936
5375 3937
5376 3938
5377 3939
5378 3940
5379 3941
5380 3942
5381 3943
5382 3944
5383 3945
5384 3946
5385 3947
5386 3948
5387 3949
5388 3950
5389 3951
5390 3952
5391 3953
5392 3954
5393 3955
5394 3956
5395 3957
5396 3958
5397 3959
5398 3960
5399 3961
5400 3962
5401 3963
5402 3964
5403 3965
5404 3966
5405 3967
5406 3968
5407 3969
5408 3970
5409 3971
5410 3972
5411 3973
5412 3974
5413 3975
5414 3976
5415 3977
5416 3978
5417 3979
5418 3980
5419 3981
5420 3982
5421 3983
5422 3984
5423 3985
5424 3986
5425 3987
5426 3988
5427 3989
5428 3990
5429 3991
5430 3992
5431 3993
5432 3994
5433 3995
5434 3996
5435 3997
5436 3998
5437 3999
5438 4000
5439 4001
5440 4002
5441 4003
5442 4004
5443 4005
5444 4006
5445 4007
5446 4008
5447 4009
5448 4010
5449 4011
5450 4012
5451 4013
5452 4014
5453 4015
5454 4016
5455 4017
5456 4018
5457 4019
5458 4020
5459 4021
5460 4022
5461 4023
5462 4024
5463 4025
5464 4026
5465 4027
5466 4028
5467 4029
5468 4030
5469 4031
5470 4032
5471 4033
5472 4034
5473 4035
5474 4036
5475 4037
5476 4038
5477 4039
5478 4040
5479 4041
5480 4042
5481 4043
5482 4044
5483 4045
5484 4046
5485 4047
5486 4048
5487 4049
5488 4050
5489 4051
5490 4052
5491 4053
5492 4054
5493 4055
5494 4056
5495 4057
5496 4058
5497 4059
5498 4060
5499 4061
5500 4062
5501 4063
5502 4064
5503 4065
5504 4066
5505 4067
5506 4068
5507 4069
5508 4070
5509 4071
5510 4072
5511 4073
5512 4074
5513 4075
5514 4076
5515 4077
5516 4078
5517 4079
5518 4080
5519 4081
5520 4082
5521 4083
5522 4084
5523 4085
5524 4086
5525 4087
5526 4088
5527 4089
5528 4090
5529 4091
5530 4092
5531 4093
5532 4094
5533 4095
5534 4096
5535 4097
5536 4098
5537 4099
5538 4100
5539 4101
5540 4102
5541 4103
5542 4104
5543 4105
5544 4106
5545 4107
5546 4108
5547 4109
5548 4110
5549 4111
5550 4112
5551 4113
5552 4114
5553 4115
5554 4116
5555 4117
5556 4118
5557 4119
5558 4120
5559 4121
5560 4122
5561 4123
5562 4124
5563 4125
5564 4126
5565 4127
5566 4128
5567 4129
5568 4130
5569 4131
5570 4132
5571 4133
5572 4134
5573 4135
5574 4136
5575 4137
5576 4138
5577 4139
5578 4140
5579 4141
5580 4142
5581 4143
5582 4144
5583 4145
5584 4146
5585 4147
5586 4148
5587 4149
5588 4150
5589 4151
5590 4152
5591 4153
5592 4154
5593 4155
5594 4156
5595 4157
5596 4158
5597 4159
5598 4160
5599 4161
5600 4162
5601 4163
5602 4164
5603 4165
5604 4166
5605 4167
5606 4168
5607 4169
5608 4170
5609 4171
5610 4172
5611 4173
5612 4174
5613 4175
5614 4176
5615 4177
5616 4178
5617 4179
5618 4180
5619 4181
5620 4182
5621 4183
5622 4184
5623 4185
5624 4186
5625 4187
5626 4188
5627 4189
5628 4190
5629 4191
5630 4192
5631 4193
5632 4194
5633 4195
5634 4196
5635 4197
5636 4198
5637 4199
5638 4200
5639 4201
5640 4202
5641 4203
5642 4204
5643 4205
5644 4206
5645 4207
5646 4208
5647 4209
5648 4210
5649 4211
5650 4212
5651 4213
5652 4214
5653 4215
5654 4216
5655 4217
5656 4218
5657 4219
5658 4220
5659 4221
5660 4222
5661 4223
5662 4224
5663 4225
5664 4226
5665 4227
5666 4228
5667 4229
5668 4230
5669 4231
5670 4232
5671 4233
5672 4234
5673 4235
5674 4236
5675 4237
5676 4238
5677 4239
5678 4240
5679 4241
5680 4242
5681 4243
5682 4244
6093 4245
6094 4246
6095 4247
6096 4248
6097 4249
6098 4250
6099 4251
6100 4252
6101 4253
6102 4254
6103 4255
6104 4256
6105 4257
6106 4258
6107 4259
6108 4260
6109 4261
6110 4262
6111 4263
6112 4264
6113 4265
6114 4266
6115 4267
6116 4268
6117 4269
6118 4270
6119 4271
6120 4272
6121 4273
6122 4274
6123 4275
6124 4276
6125 4277
6126 4278
6127 4279
6128 4280
6129 4281
6130 4282
6131 4283
6132 4284
6133 4285
6134 4286
6135 4287
6136 4288
6137 4289
6138 4290
6139 4291
6140 4292
6141 4293
6142 4294
6143 4295
6144 4296
6145 4297
6146 4298
6147 4299
6148 4300
6149 4301
6150 4302
6151 4303
6152 4304
6153 4305
6154 4306
6155 4307
6156 4308
6157 4309
6158 4310
6159 4311
6160 4312
6161 4313
6162 4314
6163 4315
6164 4316
6165 4317
6166 4318
6167 4319
6168 4320
6169 4321
6170 4322
6171 4323
6172 4324
6173 4325
6174 4326
6175 4327
6176 4328
6177 4329
6178 4330
6179 4331
6180 4332
6181 4333
6182 4334
6183 4335
6184 4336
6185 4337
6186 4338
6187 4339
6188 4340
6189 4341
6190 4342
6191 4343
6192 4344
6193 4345
6194 4346
6195 4347
6196 4348
6197 4349
6198 4350
6199 4351
6200 4352
6201 4353
6202 4354
6203 4355
6204 4356
6205 4357
6206 4358
6207 4359
6208 4360
6209 4361
6210 4362
6211 4363
6212 4364
6213 4365
6214 4366
6215 4367
6216 4368
6217 4369
6218 4370
6219 4371
6220 4372
6221 4373
6222 4374
6223 4375
6224 4376
6225 4377
6226 4378
6227 4379
6228 4380
6229 4381
6230 4382
6231 4383
6232 4384
6233 4385
6234 4386
6235 4387
6236 4388
6237 4389
6238 4390
6239 4391
6240 4392
6241 4393
6242 4394
6243 4395
6244 4396
6245 4397
6246 4398
6247 4399
6248 4400
6249 4401
6250 4402
6251 4403
6252 4404
6253 4405
6254 4406
6255 4407
6256 4408
6257 4409
6258 4410
6259 4411
6260 4412
6261 4413
6262 4414
6263 4415
6264 4416
6265 4417
6266 4418
6267 4419
6268 4420
6269 4421
6270 4422
6271 4423
6272 4424
6273 4425
6274 4426
6275 4427
6276 4428
6277 4429
6278 4430
6279 4431
6280 4432
6281 4433
6282 4434
6283 4435
6284 4436
6285 4437
6286 4438
6287 4439
6288 4440
6289 4441
6290 4442
6291 4443
6292 4444
6293 4445
6294 4446
6295 4447
6296 4448
6297 4449
6298 4450
6299 4451
6300 4452
6301 4453
6302 4454
6303 4455
6304 4456
6305 4457
6306 4458
6307 4459
6308 4460
6309 4461
6310 4462
6311 4463
6312 4464
6313 4465
6314 4466
6315 4467
6316 4468
6317 4469
6318 4470
6319 4471
6320 4472
6321 4473
6322 4474
6323 4475
6324 4476
6325 4477
6326 4478
6327 4479
6328 4480
6329 4481
6330 4482
6331 4483
6332 4484
6333 4485
6334 4486
6335 4487
6336 4488
6337 4489
6338 4490
6339 4491
6340 4492
6341 4493
6342 4494
6343 4495
6344 4496
6345 4497
6346 4498
6347 4499
6348 4500
6349 4501
6350 4502
6351 4503
6352 4504
6353 4505
6354 4506
6355 4507
6356 4508
6357 4509
6358 4510
6359 4511
6360 4512
6361 4513
6362 4514
6363 4515
6364 4516
6365 4517
6366 4518
6367 4519
6368 4520
6369 4521
6370 4522
6371 4523
6372 4524
6373 4525
6374 4526
6375 4527
6376 4528
6377 4529
6378 4530
6379 4531
6380 4532
6381 4533
6382 4534
6383 4535
6384 4536
6385 4537
6386 4538
6387 4539
6388 4540
6389 4541
6390 4542
6391 4543
6392 4544
6393 4545
6394 4546
6395 4547
6396 4548
6397 4549
6398 4550
6399 4551
6400 4552
6401 4553
6402 4554
6403 4555
6404 4556
6405 4557
6406 4558
6407 4559
6408 4560
6409 4561
6410 4562
6411 4563
6412 4564
6413 4565
6414 4566
6415 4567
6416 4568
6417 4569
6418 4570
6419 4571
6420 4572
6421 4573
6422 4574
6423 4575
6424 4576
6425 4577
6426 4578
6427 4579