3981_c5_motor0003.png 0.9792296094186874 1331 169
0161_c5_eletric0005.png 0.9589247287097892 1150 256
4317_c5_motor0005.png 0.9560872989589975 1106 140
1201_c4_bike0006.png 0.9180649371737875 1389 357
2873_c5_bike0001.png 0.9136467636412725 1001 10
3399_c5_bike0010.png 0.8862814807394623 986 132
0019_c1_eletric0005.png 0.8786385106215978 1003 249
4147_c5_motor0003.png 0.8585047844818766 1140 424
4425_c5_motor0002.png 0.8477844814237613 1114 418
0299_c5_eletric0001.png 0.8345674242567953 1332 483
0113_c4_eletric0006.png 0.8261066255436986 1273 498
1369_c5_bike0007.png 0.807189513983773 972 341
3809_c5_motor0009.png 0.8025513749315188 1059 448
1967_c4_bike0003.png 0.7996847058149741 1135 520
4425_c6_motor0005.png 0.7798249437130004 1270 559
0259_c6_eletric0004.png 0.7747715324601514 1351 566
4471_c5_motor0010.png 0.7747537354408157 1333 567
4415_c6_motor0005.png 0.7637024943824543 1254 581
3169_c5_bike0003.png 0.7637021544015983 991 440
1827_c4_bike0004.png 0.7613736764084418 1099 542
1941_c5_bike0008.png 0.7523856204088761 980 432
1587_c5_bike0008.png 0.7468318540861298 1354 599
3937_c4_motor0010.png 0.7459890766494673 1024 510
4211_c5_motor0010.png 0.7437800803412576 1016 504
3691_c1_motor0001.png 0.7326970378268818 1071 560
0251_c5_eletric0010.png 0.7326094659113722 882 218
0291_c6_eletric0009.png 0.7276255154014067 1231 624
1631_c4_bike0010.png 0.7267513795420772 1189 625
2547_c5_bike0003.png 0.7170883887624836 1039 558
4575_c1_motor0006.png 0.7122422689932175 1084 593
3055_c5_bike0002.png 0.7065245611189593 1134 634
3573_c6_bike0007.png 0.703349815738727 894 360
4227_c5_motor0008.png 0.6878827962161296 1125 644
1565_c5_bike0007.png 0.6854273263675972 1177 665
3911_c5_motor0005.png 0.6822321706428653 821 2
0041_c3_eletric0009.png 0.667491204018633 926 451
1363_c5_bike0009.png 0.6665729750544125 1100 652
1725_c5_bike0007.png 0.6654270155078705 1163 680
4051_c4_motor0004.png 0.6625391185895335 1116 664
1407_c5_bike0003.png 0.6620975482451775 1062 639
2397_c5_bike0010.png 0.6581373014375411 865 370
1583_c5_bike0002.png 0.6560827429300277 862 355
2923_c5_bike0001.png 0.6497524851691517 992 602
3987_c5_motor0009.png 0.6472570980349943 870 392
0523_c5_bike0008.png 0.6301185416541928 868 407
0465_c3_bike0006.png 0.6213519595872535 1109 698
1141_c4_bike0009.png 0.6069520543586141 995 651
1837_c5_bike0002.png 0.6037317406108663 796 255
4575_c6_motor0005.png 0.6025804422042171 771 3
2729_c5_bike0007.png 0.6019397446812538 791 246
2469_c6_bike0001.png 0.6006430145960746 817 345
0183_c5_eletric0001.png 0.5999216764058348 997 658
0609_c3_bike0001.png 0.5963589263153534 869 462
2077_c6_bike0007.png 0.5929967340728843 1036 687
0619_c5_bike0005.png 0.5894257061917183 907 543
0901_c5_bike0001.png 0.5733860195264296 1053 709
2567_c5_bike0008.png 0.5668201594558184 1191 758
0487_c3_bike0004.png 0.5611351611351612 1060 724
0345_c2_bike0009.png 0.561065600512713 825 423
1605_c5_bike0004.png 0.5606595170971047 1234 761
1327_c4_bike0006.png 0.5594529212531204 842 463
2589_c5_bike0008.png 0.5456092085352874 739 105
2861_c6_bike0003.png 0.5443567989778896 813 412
1373_c4_bike0007.png 0.5434022059126412 1103 755
3467_c1_bike0005.png 0.54257423862687 1111 759
1503_c4_bike0009.png 0.5406527880537725 841 494
3415_c5_bike0003.png 0.537206142090885 912 609
4043_c4_motor0007.png 0.5363004789891583 792 393
1725_c4_bike0003.png 0.5350172768783317 1187 781
1145_c4_bike0003.png 0.5334322759761356 1076 754
0501_c5_bike0007.png 0.5272721482071075 1002 727
4227_c4_motor0003.png 0.5250638479907145 1051 753
4415_c5_motor0009.png 0.5134218791783174 1155 794
1525_c4_bike0010.png 0.5086354187871641 820 491
3867_c5_motor0003.png 0.5083699474076959 867 586
0137_c5_eletric0001.png 0.5056314799807751 811 474
4275_c5_motor0001.png 0.49936332521715016 1124 786
1407_c4_bike0009.png 0.493058100201693 900 648
2469_c5_bike0005.png 0.48987637152569763 781 422
3577_c1_bike0003.png 0.48444102619050183 805 502
1415_c4_bike0002.png 0.48320254192355094 1026 766
1927_c5_bike0002.png 0.48124691817502274 976 739
0765_c4_bike0009.png 0.4805555555555555 1093 790
0765_c5_bike0004.png 0.47930406610001586 1156 820
3169_c6_bike0001.png 0.4718839323724381 1381 824
2865_c5_bike0010.png 0.4683710177723793 789 489
2789_c6_bike0005.png 0.467688460937406 1228 829
0775_c4_bike0009.png 0.46446033126717523 769 436
2759_c6_bike0002.png 0.4599428893546541 1288 836
3657_c2_motor0005.png 0.45486612153278827 1298 844
0957_c5_bike0002.png 0.4536538914198654 787 499
2055_c5_bike0010.png 0.4526340004600875 801 534
1319_c4_bike0003.png 0.45020855361296686 783 492
2745_c5_bike0006.png 0.44922749084891145 690 192
2221_c6_bike0004.png 0.4470909506312127 836 607
0063_c5_eletric0002.png 0.4470673296291595 724 371
4087_c4_motor0010.png 0.44403989610136274 744 408
0041_c5_eletric0001.png 0.44068067441784314 979 769
3669_c2_motor0005.png 0.43803749184573554 883 671
0343_c2_bike0005.png 0.4373561623561625 1101 825
2387_c6_bike0004.png 0.4295801793785665 1131 859
3297_c5_bike0009.png 0.425647023222279 666 8
0671_c3_bike0005.png 0.422940059214569 934 745
1913_c5_bike0003.png 0.4210589238475557 692 304
3751_c2_motor0003.png 0.4193781626153916 1082 833
4155_c5_motor0001.png 0.4192158150491484 902 711
1983_c4_bike0008.png 0.4185000185000185 903 715
3491_c1_bike0008.png 0.41709491225620254 1244 867
1035_c4_bike0006.png 0.41123913857835787 691 331
2899_c5_bike0005.png 0.4054357692860288 686 313
0371_c1_bike0007.png 0.4040724707391373 1375 880
2725_c6_bike0006.png 0.4038412565846854 918 737
1651_c4_bike0009.png 0.40218315634982293 1044 834
2899_c6_bike0009.png 0.39688233073457174 774 550
0487_c5_bike0001.png 0.39590449510216486 731 456
1605_c4_bike0008.png 0.3952268751457392 855 677
4353_c5_motor0002.png 0.39220640470640455 1052 846
0257_c6_eletric0001.png 0.3909256280854813 705 398
3569_c1_bike0001.png 0.3909168616473769 699 379
1559_c5_bike0001.png 0.39043648574759776 946 771
1069_c4_bike0004.png 0.3866165793585148 1200 891
3981_c4_motor0010.png 0.38638583638583635 1330 892
3179_c5_bike0009.png 0.3847206092629575 933 767
0613_c5_bike0003.png 0.38241995116995114 794 605
1703_c4_bike0006.png 0.38240744218501355 636 12
4181_c5_motor0005.png 0.3715855526839563 788 611
1573_c4_bike0003.png 0.3714523840230045 766 572
1445_c4_bike0003.png 0.36473322973322986 1006 850
1975_c5_bike0002.png 0.36354679271345935 1119 896
3069_c5_bike0002.png 0.35896771442381004 1069 878
3187_c6_bike0006.png 0.3583856761912927 859 716
4135_c4_motor0003.png 0.3545811379093857 806 657
3809_c3_motor0002.png 0.3523636528955678 886 756
1565_c4_bike0003.png 0.35234604093552346 1009 862
1479_c4_bike0004.png 0.35072150072150066 1338 922
0019_c2_eletric0009.png 0.34636034191995246 1113 908
0259_c5_eletric0007.png 0.3423677516983805 1297 926
1203_c4_bike0001.png 0.34132830714314144 751 575
2001_c5_bike0001.png 0.33962056462056467 1128 921
3649_c2_motor0001.png 0.335827553569489 892 764
2029_c6_bike0006.png 0.3351030520354315 732 551
1591_c5_bike0004.png 0.3343108398918798 1058 889
2223_c5_bike0007.png 0.33394451764016975 1118 919
4509_c6_motor0009.png 0.3328127780979525 1212 934
3415_c6_bike0003.png 0.33237714206810515 928 793
3241_c5_bike0006.png 0.33113965469228623 982 857
1505_c4_bike0002.png 0.32986823118402064 1028 881
0979_c4_bike0006.png 0.3294785049616748 697 465
2499_c5_bike0003.png 0.32919006572033005 1261 937
2351_c6_bike0004.png 0.32017475221700575 1079 914
0155_c4_eletric0004.png 0.3192226551187315 1237 939
0033_c2_eletric0010.png 0.31851128608374984 816 697
2319_c5_bike0002.png 0.318192602357199 658 372
3985_c4_motor0005.png 0.3176393701088956 911 789
3395_c5_bike0009.png 0.3158247066942719 1245 941
4465_c5_motor0002.png 0.3142347553577532 593 116
1141_c5_bike0003.png 0.3140878537974173 798 679
0117_c4_eletric0010.png 0.3138470054104332 613 241
2811_c5_bike0004.png 0.3133800299322302 694 487
2043_c6_bike0006.png 0.31006188250523814 1022 894
0319_c1_bike0003.png 0.3082256675279932 1363 946
1393_c5_bike0002.png 0.30653395775600517 839 740
1239_c5_bike0007.png 0.30497933014101675 632 340
1035_c5_bike0006.png 0.3018704544866541 608 232
3007_c6_bike0008.png 0.30110384143997243 700 517
3155_c6_bike0001.png 0.2993221980150085 1306 952
3825_c3_motor0006.png 0.2974896225204812 899 799
0511_c5_bike0007.png 0.2972947724490844 958 858
4345_c5_motor0004.png 0.29296983765601936 741 610
2893_c5_bike0005.png 0.29229123656011535 937 838
2551_c6_bike0005.png 0.2900987506699357 895 801
3055_c6_bike0003.png 0.2873390223089778 667 450
0543_c3_bike0010.png 0.28712832669457 818 726
4389_c6_motor0005.png 0.2870494003963543 740 617
3769_c2_motor0005.png 0.2841206907857761 770 666
1571_c5_bike0004.png 0.2835219121566639 678 496
1721_c5_bike0002.png 0.2807692307692309 1141 962
1879_c5_bike0004.png 0.27852513685847036 1007 916
3319_c5_bike0006.png 0.2767669951880478 812 730
1237_c4_bike0008.png 0.2744172189531471 698 549
2313_c6_bike0008.png 0.27377770954810754 927 842
2621_c5_bike0010.png 0.27254319754319767 1123 961
3877_c4_motor0008.png 0.2716706232835264 1077 940
3741_c1_motor0002.png 0.2715192215192216 1243 972
4111_c5_motor0005.png 0.268937113333665 887 809
4155_c4_motor0004.png 0.2680708295473413 605 330
2055_c6_bike0008.png 0.2648274564941231 897 822
0843_c5_bike0007.png 0.26331183515967616 1308 979
3209_c6_bike0006.png 0.26279545254025716 1013 927
3323_c6_bike0005.png 0.26263699891200853 1029 935
3033_c6_bike0007.png 0.26221448402102426 553 29
4181_c4_motor0003.png 0.26191895420116407 620 388
3187_c5_bike0004.png 0.2606246218995766 1303 980
3493_c6_bike0002.png 0.2605114638447972 1023 932
1651_c5_bike0007.png 0.2598580117019833 1157 982
0607_c5_bike0003.png 0.255589686880522 579 276
0809_c4_bike0005.png 0.25480879147545815 738 649
2959_c5_bike0002.png 0.2547595841455491 1321 985
3357_c5_bike0002.png 0.2540329377347873 720 613
0535_c3_bike0002.png 0.25224867724867717 837 774
0821_c4_bike0002.png 0.24948545948225628 546 104
0445_c2_bike0010.png 0.2493879358108496 588 321
4209_c4_motor0002.png 0.24829177152444137 1372 992
0751_c5_bike0005.png 0.24631693509099073 723 641
1529_c5_bike0001.png 0.2448355773104791 942 875
3827_c5_motor0001.png 0.2428886976477337 1377 996
2057_c6_bike0004.png 0.24155775536494486 675 539
1225_c4_bike0003.png 0.2411169548288659 536 120
2133_c6_bike0010.png 0.24065938159477213 784 722
1999_c4_bike0006.png 0.23921163156035374 830 777
3253_c6_bike0002.png 0.23907064465642447 786 729
2925_c6_bike0007.png 0.2368436117902017 604 380
1067_c4_bike0005.png 0.23574326907660237 1369 1006
1479_c5_bike0007.png 0.23572124276349626 1395 1007
4499_c5_motor0006.png 0.23539458730021912 768 704
0123_c5_eletric0004.png 0.23524242806593346 572 295
4363_c6_motor0003.png 0.23501683501683512 1121 984
3805_c3_motor0006.png 0.23472222222222217 1246 1009
1667_c4_bike0010.png 0.2346667428074986 785 732
1175_c5_bike0004.png 0.2345369681535565 963 906
3007_c5_bike0002.png 0.23378450920926597 541 188
3035_c6_bike0007.png 0.23338284986519142 856 802
3721_c2_motor0008.png 0.23084075781014207 712 627
0289_c5_eletric0002.png 0.2291055363610569 1144 998
1397_c5_bike0004.png 0.22893496410477387 944 886
3295_c5_bike0010.png 0.2288338444747371 1281 1017
0147_c4_eletric0002.png 0.22837619896443428 1266 1019
2759_c5_bike0010.png 0.22785318546188127 948 898
2015_c6_bike0008.png 0.22685128996348386 829 783
1085_c5_bike0004.png 0.22493959613820885 629 452
4489_c6_motor0006.png 0.2247474747474748 1280 1022
3947_c5_motor0002.png 0.22368266290284644 1202 1023
0431_c2_bike0008.png 0.22257258510911326 1018 953
3989_c4_motor0007.png 0.2220515446321898 1208 1026
2739_c5_bike0004.png 0.22062952836268784 623 447
2379_c5_bike0005.png 0.2202978942458182 534 223
3655_c1_motor0005.png 0.21995743411164537 983 938
3663_c1_motor0007.png 0.21859430834526616 810 765
0271_c6_eletric0009.png 0.2183790771173813 708 633
0975_c4_bike0004.png 0.21818639570092094 554 285
2591_c5_bike0003.png 0.2179983689344487 551 271
0621_c3_bike0006.png 0.21649029982363321 998 947
1187_c4_bike0009.png 0.2148468441851195 511 143
1571_c4_bike0006.png 0.21348812580383358 1040 969
0187_c4_eletric0006.png 0.2118361703369176 971 933
4125_c5_motor0001.png 0.21165232193618538 535 257
3217_c5_bike0002.png 0.21002655913495993 1070 983
1583_c4_bike0006.png 0.210006014514595 683 597
4459_c5_motor0007.png 0.2095556776671328 954 917
1069_c5_bike0009.png 0.20875393393509345 880 848
0313_c1_eletric0003.png 0.2080571040449557 646 514
4543_c1_motor0004.png 0.20693884469628177 935 905
2053_c6_bike0003.png 0.20465032409822304 619 472
0543_c5_bike0008.png 0.20324963182654673 614 453
1983_c5_bike0003.png 0.20067250589726585 480 110
0777_c4_bike0009.png 0.19990985284701135 779 749
0921_c4_bike0008.png 0.19964675049420788 990 954
1961_c4_bike0002.png 0.19943367826667696 793 762
1721_c4_bike0009.png 0.19884023596667277 1081 994
2623_c6_bike0006.png 0.1968280523190083 755 718
0227_c5_eletric0010.png 0.1964066363563851 1148 1038
2747_c5_bike0004.png 0.19598967662693156 618 482
3427_c5_bike0007.png 0.19595157928491247 1092 1013
0039_c5_eletric0001.png 0.19297052154195016 1201 1042
0115_c4_eletric0002.png 0.19285352362435493 844 821
1789_c4_bike0010.png 0.19136409358063233 750 717
0637_c3_bike0008.png 0.19129327462660806 861 843
1551_c4_bike0007.png 0.1909367671040423 641 533
2459_c6_bike0002.png 0.1900604721569153 715 672
2861_c5_bike0008.png 0.1885824654743018 877 864
0321_c2_bike0006.png 0.18771043771043772 1317 1049
1999_c5_bike0008.png 0.18651363256626408 901 882
2247_c6_bike0005.png 0.18637107556599075 909 888
0145_c4_eletric0002.png 0.18608431854045893 742 713
3099_c5_bike0003.png 0.18521725188391858 1066 1002
2551_c5_bike0007.png 0.18514166371313667 890 877
0777_c5_bike0002.png 0.18477787701101256 665 584
2805_c5_bike0008.png 0.18475680427434804 772 752
2151_c6_bike0010.png 0.18335244429155673 977 955
1505_c5_bike0006.png 0.18309657866090193 661 577
2659_c6_bike0005.png 0.1811863220528193 490 247
4269_c6_motor0003.png 0.18102822057647944 590 435
0335_c2_bike0007.png 0.18096517196618322 988 967
3891_c4_motor0002.png 0.18037559148670257 1050 1004
0167_c5_eletric0007.png 0.17985047921487662 879 865
0633_c5_bike0004.png 0.17951998660645974 846 837
4035_c4_motor0003.png 0.1792526225011185 1008 981
2917_c5_bike0002.png 0.17892934951758477 1136 1047
1767_c4_bike0007.png 0.17794249479209892 645 552
0843_c4_bike0006.png 0.17774170274170276 1162 1057
3827_c3_motor0006.png 0.17709127892194254 1205 1058
4167_c4_motor0008.png 0.1751683501683502 905 899
3595_c6_bike0010.png 0.1740788268890957 762 750
4087_c5_motor0008.png 0.1721495854829188 1049 1016
4125_c4_motor0008.png 0.17195585804016042 514 318
0501_c3_bike0007.png 0.17191876750700297 1038 1005
1257_c4_bike0005.png 0.17147195988165043 822 813
1145_c5_bike0002.png 0.17122920021470756 1397 1061
1559_c4_bike0001.png 0.16976528570731464 1181 1064
0219_c6_eletric0010.png 0.16901872816506958 647 570
0431_c3_bike0008.png 0.16802074450282287 440 128
1297_c5_bike0006.png 0.16693121693121682 1021 997
1345_c4_bike0010.png 0.16526678145909007 549 384
1967_c5_bike0007.png 0.16494077817607233 908 910
3595_c1_bike0010.png 0.16483170409785852 548 381
0675_c5_bike0007.png 0.16367644700978035 1183 1070
3401_c5_bike0006.png 0.16309523809523807 1224 1071
1111_c5_bike0006.png 0.16254021203503005 489 293
3183_c6_bike0005.png 0.1624812007187238 713 691
1767_c5_bike0006.png 0.16138947472280807 853 861
1765_c5_bike0010.png 0.1611302060579656 459 226
0157_c4_eletric0001.png 0.1608848667672197 1000 993
3655_c2_motor0003.png 0.1607744107744108 1383 1072
3877_c5_motor0002.png 0.1603371608690758 1341 1073
0269_c6_eletric0001.png 0.16013589191819805 782 778
0037_c5_eletric0009.png 0.15994821067284837 1010 999
2133_c5_bike0004.png 0.15956493900422253 695 670
2891_c6_bike0008.png 0.15887714955788768 527 367
3949_c4_motor0009.png 0.15741155802852896 754 751
1617_c5_bike0007.png 0.15704687692786412 512 347
3569_c6_bike0006.png 0.15661453983491497 555 401
0033_c3_eletric0004.png 0.15553150553150563 1017 1012
0161_c4_eletric0002.png 0.15425315425315433 1398 1077
0113_c5_eletric0010.png 0.1540518137009365 652 596
2335_c5_bike0004.png 0.1527800124357761 580 457
0193_c5_eletric0003.png 0.15103771913286684 664 620
0801_c4_bike0004.png 0.14925110862043706 716 708
1043_c4_bike0009.png 0.14890596655554478 840 860
3445_c6_bike0001.png 0.14820118153451478 1083 1046
4321_c5_motor0003.png 0.1478391287870522 424 197
1311_c5_bike0010.png 0.14610549943883278 1149 1084
3891_c5_motor0003.png 0.1459601959245579 873 883
2529_c6_bike0008.png 0.14481304509232745 737 742
4275_c6_motor0001.png 0.14343286337460487 649 601
0429_c2_bike0008.png 0.14036624750910465 1054 1039
0885_c5_bike0009.png 0.1400127168456502 515 375
4395_c6_motor0004.png 0.1396411316136625 510 373
2387_c5_bike0004.png 0.13943191311612368 1348 1090
2589_c6_bike0009.png 0.138964339577277 423 230
0605_c3_bike0001.png 0.13882448380160742 436 259
3109_c5_bike0010.png 0.13782098064106063 626 576
2359_c6_bike0003.png 0.1374702355814013 710 705
1261_c4_bike0002.png 0.13726320205991205 878 904
3241_c6_bike0008.png 0.13623136123136126 799 812
3571_c6_bike0007.png 0.1354991849109496 953 965
0831_c4_bike0005.png 0.13448527354616097 735 748
2625_c6_bike0005.png 0.13389770723104055 1170 1093
3805_c5_motor0004.png 0.13372508777771924 759 768
1941_c4_bike0007.png 0.13202578688171318 513 387
3657_c1_motor0007.png 0.13184523809523818 1257 1098
1111_c4_bike0004.png 0.13169009533260043 419 240
1865_c5_bike0006.png 0.13158427220927216 1014 1031
2529_c5_bike0002.png 0.13135248867292887 507 386
3719_c2_motor0008.png 0.1309381060077182 433 275
2351_c5_bike0003.png 0.13065828106702693 866 897
3751_c1_motor0001.png 0.13049142215808884 1185 1099
2833_c5_bike0010.png 0.13006566943527795 597 530
0811_c4_bike0008.png 0.13003325929898918 396 148
1237_c5_bike0007.png 0.12991622574955908 1316 1100
2249_c6_bike0003.png 0.12927942437630835 1025 1035
0945_c5_bike0009.png 0.12904641654641646 984 1015
2379_c6_bike0007.png 0.12743697978094884 625 587
0781_c5_bike0005.png 0.1273717650106675 452 325
4005_c4_motor0005.png 0.12632275132275128 1226 1102
4035_c5_motor0003.png 0.12610332717859596 1048 1053
1319_c5_bike0008.png 0.12540709009287587 404 207
0261_c5_eletric0009.png 0.12515432098765433 1314 1103
4033_c5_motor0010.png 0.12473871996463637 1112 1082
3465_c1_bike0006.png 0.12408041502244405 1057 1056
4431_c6_motor0009.png 0.12400327164338629 371 58
4255_c6_motor0003.png 0.12361653803962153 655 632
1729_c5_bike0002.png 0.12285831575437518 475 364
4143_c5_motor0003.png 0.12250350127693621 1325 1106
2677_c5_bike0006.png 0.12244941870376128 542 430
3423_c6_bike0003.png 0.12215283228919435 458 342
4073_c5_motor0001.png 0.12205272678241003 561 466
3869_c5_motor0005.png 0.12051282051282053 1178 1109
1545_c4_bike0007.png 0.11980277057743555 640 616
1477_c4_bike0008.png 0.11951622276077456 403 231
2035_c5_bike0008.png 0.11943719849739554 819 856
3741_c2_motor0006.png 0.11935316371189097 1098 1078
4211_c4_motor0003.png 0.11878000234164632 1102 1079
0109_c5_eletric0008.png 0.11764069264069255 1305 1111
4051_c5_motor0010.png 0.1176046176046176 1161 1112
1503_c5_bike0002.png 0.1173999219178128 502 400
2943_c5_bike0002.png 0.11697530864197525 1061 1063
1509_c4_bike0008.png 0.11648650511173816 414 282
3699_c2_motor0009.png 0.11622335997335997 704 719
2597_c6_bike0010.png 0.11543145541915169 366 79
1257_c5_bike0003.png 0.11521801767575755 427 310
1587_c4_bike0004.png 0.11501565626688182 947 974
3211_c6_bike0002.png 0.11499620239764141 634 612
4283_c6_motor0009.png 0.11432770783508865 439 334
2359_c5_bike0007.png 0.11363636363636365 1152 1113
2871_c5_bike0004.png 0.11320576745285026 517 410
4489_c5_motor0005.png 0.11111111111111116 1158 1115
2069_c5_bike0001.png 0.11111111111111116 1206 1116
4143_c4_motor0006.png 0.11099437050872973 1374 1117
0169_c5_eletric0001.png 0.11065006915629327 1285 1119
4165_c5_motor0005.png 0.11059068927013865 516 413
2601_c5_bike0005.png 0.1104067131297563 387 221
1809_c5_bike0003.png 0.1102354543685542 1164 1121
0613_c3_bike0010.png 0.10988618560470731 939 970
1515_c5_bike0007.png 0.10984119819904137 765 795
1675_c5_bike0003.png 0.10964088012170403 831 873
0535_c5_bike0009.png 0.10851488743645599 1075 1080
4281_c6_motor0003.png 0.10803863266835717 530 445
3399_c6_bike0003.png 0.10560781810781805 968 1014
2125_c6_bike0004.png 0.10532050984326236 624 604
0261_c6_eletric0002.png 0.10461760461760461 1151 1126
3987_c4_motor0006.png 0.10450937950937933 1295 1127
2021_c6_bike0009.png 0.1036054994388328 1274 1129
0511_c3_bike0008.png 0.10344107174875211 550 473
0821_c5_bike0002.png 0.10212190834282417 392 267
1763_c5_bike0007.png 0.10121457489878538 1253 1132
2925_c5_bike0007.png 0.10118744389400874 696 721
4471_c6_motor0005.png 0.10111111111111115 1307 1133
1185_c5_bike0005.png 0.1010101010101011 1188 1134
1529_c4_bike0007.png 0.1008411341744675 973 1028
4069_c4_motor0006.png 0.10052910052910058 1339 1136
2123_c6_bike0008.png 0.10046372546924534 503 420
0523_c3_bike0007.png 0.09927174480365986 824 874
1239_c4_bike0010.png 0.0992553651728613 376 227
3947_c4_motor0001.png 0.09906291834002678 1382 1138
1303_c4_bike0008.png 0.09869684754471847 612 588
2009_c5_bike0007.png 0.09837878171211512 920 960
3869_c4_motor0007.png 0.09777777777777763 1217 1140
2239_c5_bike0001.png 0.09756601423268096 1027 1066
3357_c6_bike0007.png 0.0968213779511543 393 286
2987_c6_bike0004.png 0.09642857142857153 1275 1141
4081_c5_motor0010.png 0.09635646508057447 528 458
1561_c5_bike0010.png 0.09598623380185589 767 805
1289_c4_bike0007.png 0.09505386536494381 353 155
0415_c3_bike0008.png 0.09388759388759405 1033 1074
0979_c5_bike0007.png 0.09365235456996723 610 592
3863_c4_motor0003.png 0.09359684909337639 364 199
1699_c5_bike0005.png 0.09319636394012322 438 368
1617_c4_bike0001.png 0.09227002691914965 1046 1081
0173_c4_eletric0001.png 0.09214887925552276 389 289
1633_c4_bike0009.png 0.09202833079920886 676 702
4321_c6_motor0003.png 0.09164830534427992 356 180
4363_c5_motor0010.png 0.09137440008581477 919 963
1827_c5_bike0004.png 0.09134615384615385 1367 1147
1201_c5_bike0008.png 0.09119590122354573 524 459
2625_c5_bike0004.png 0.08972663139329828 1056 1086
3347_c6_bike0008.png 0.08932461873638353 1167 1151
2015_c5_bike0004.png 0.08913822884640188 965 1024
0647_c3_bike0010.png 0.08839435114999598 340 157
0429_c3_bike0006.png 0.08838383838383834 1238 1155
4147_c4_motor0010.png 0.08828017769247976 329 130
1167_c4_bike0007.png 0.08795314950905198 847 911
0321_c1_bike0005.png 0.08785150553676668 956 1011
0577_c5_bike0009.png 0.08784271284271283 1207 1157
3277_c5_bike0005.png 0.08758590731645555 341 162
2773_c5_bike0005.png 0.08730760312079572 361 214
0577_c3_bike0007.png 0.08655202821869479 1263 1159
4499_c6_motor0003.png 0.08655202821869479 1165 1160
1311_c4_bike0002.png 0.08499525166191824 1154 1161
3903_c4_motor0010.png 0.08472222222222214 1376 1162
2223_c6_bike0004.png 0.08465107611612988 749 791
2395_c6_bike0003.png 0.08376710610440091 633 647
3815_c5_motor0002.png 0.08253968253968269 1184 1165
2815_c5_bike0009.png 0.0824385155906896 929 978
4571_c1_motor0010.png 0.08186168804146332 999 1062
4475_c6_motor0001.png 0.08171255535717736 790 855
1667_c5_bike0007.png 0.08144016477349802 776 826
0401_c3_bike0009.png 0.0814271319489599 761 806
2867_c5_bike0010.png 0.08108936429141533 721 763
4551_c1_motor0010.png 0.08041593180482076 823 885
4345_c6_motor0009.png 0.08030038819156338 417 365
1561_c4_bike0002.png 0.08012065568013087 461 402
3351_c6_bike0009.png 0.0795550078242625 827 890
1955_c4_bike0008.png 0.07855663682352401 354 237
0407_c2_bike0007.png 0.07850811857295453 726 775
3423_c5_bike0004.png 0.07753393931951255 377 302
3977_c5_motor0003.png 0.07751804592131062 495 449
3429_c5_bike0003.png 0.07681048375492816 857 923
3989_c5_motor0008.png 0.07655857214680739 1065 1101
1665_c4_bike0001.png 0.07652534716429238 923 977
1329_c5_bike0002.png 0.07637423552533362 764 817
3897_c4_motor0004.png 0.0761159577995772 303 115
0343_c1_bike0001.png 0.0760281385281385 1126 1142
2193_c5_bike0001.png 0.07490637398412836 681 723
0445_c3_bike0003.png 0.07437827884370464 457 409
2395_c5_bike0008.png 0.07435418611889211 885 949
1733_c5_bike0002.png 0.0741323010291467 599 600
2943_c6_bike0002.png 0.07335108900576182 906 968
0155_c5_eletric0001.png 0.07311248338807064 826 900
1053_c5_bike0006.png 0.07307690148885584 487 444
1509_c5_bike0001.png 0.07274509456699113 405 356
2221_c5_bike0003.png 0.07181657419086862 358 264
3435_c1_bike0001.png 0.07173721340388006 1256 1173
4281_c5_motor0010.png 0.07165693429451331 668 706
0319_c2_bike0003.png 0.07122507122507138 1349 1174
0509_c5_bike0001.png 0.07122507122507138 1219 1175
2153_c5_bike0005.png 0.07115789578265772 471 425
1627_c5_bike0008.png 0.07032568645551725 320 203
0787_c5_bike0003.png 0.06837538272634969 545 522
1471_c4_bike0005.png 0.06763285024154597 1215 1181
1783_c4_bike0003.png 0.06717884746031488 832 912
1345_c5_bike0003.png 0.0670594475968011 365 300
4165_c4_motor0001.png 0.06691280181380255 728 784
2547_c6_bike0008.png 0.06621766152854902 860 936
3499_c6_bike0002.png 0.06591710758377423 1172 1183
2505_c6_bike0001.png 0.06580054935318091 717 772
0407_c3_bike0005.png 0.06579637816550743 349 273
3845_c5_motor0003.png 0.065744777443141 850 925
3165_c5_bike0010.png 0.06493112914681537 594 606
1793_c4_bike0002.png 0.06411335578002253 1072 1120
3727_c1_motor0004.png 0.06410256410256432 1096 1139
3735_c1_motor0002.png 0.06388888888888877 1174 1184
1481_c5_bike0006.png 0.06384791654399491 828 907
3663_c2_motor0008.png 0.06290139326054478 815 887
0471_c3_bike0010.png 0.06272893772893773 1043 1104
1551_c5_bike0003.png 0.0626385875881097 714 773
0827_c4_bike0002.png 0.0621389459203387 301 190
0749_c4_bike0007.png 0.062037037037037 1080 1124
1175_c4_bike0008.png 0.0615609306474888 964 1040
4013_c5_motor0004.png 0.06151068167201621 269 50
3467_c6_bike0005.png 0.06111111111111123 1322 1187
0133_c4_eletric0001.png 0.06111111111111123 1396 1188
4135_c5_motor0002.png 0.0608258770920862 835 918
2297_c6_bike0002.png 0.060595331123514506 302 198
2405_c5_bike0006.png 0.059754792257415534 277 91
3317_c6_bike0008.png 0.05972222222222223 1145 1178
1321_c4_bike0002.png 0.059071812641559564 286 124
1327_c5_bike0010.png 0.05863478050955351 316 245
1419_c4_bike0004.png 0.05836758618659625 271 82
1093_c5_bike0006.png 0.05812033889282034 565 562
3211_c5_bike0010.png 0.05748981276381345 308 224
0509_c3_bike0001.png 0.05736714975845414 746 810
0639_c3_bike0005.png 0.05712386379053036 849 931
3445_c1_bike0007.png 0.0569021211178074 552 545
3101_c5_bike0002.png 0.05679012345679013 1160 1192
1303_c5_bike0001.png 0.056605574646811596 874 951
0811_c5_bike0001.png 0.056524593249738964 287 144
4209_c5_motor0003.png 0.056470465180462615 930 1010
3669_c1_motor0006.png 0.056423701255329584 509 500
2927_c6_bike0003.png 0.05625735848466584 497 493
3863_c5_motor0009.png 0.05606598448816369 285 138
3905_c5_motor0008.png 0.05555555555555558 1310 1196
2335_c6_bike0005.png 0.05513539205428648 378 354
3463_c1_bike0001.png 0.05472407093671677 290 168
0827_c5_bike0010.png 0.054500130346667695 257 78
2325_c5_bike0007.png 0.05415818749152079 962 1043
3645_c1_motor0004.png 0.05332954672726736 478 470
1093_c4_bike0005.png 0.052789874384301605 682 744
2639_c5_bike0009.png 0.052650659057335854 312 250
1663_c5_bike0003.png 0.05258654060089742 346 306
3721_c1_motor0003.png 0.05228758169934644 1379 1199
2567_c6_bike0001.png 0.052028218694885386 1320 1201
2443_c6_bike0009.png 0.05186997760728593 488 480
0371_c2_bike0002.png 0.05141410226500867 532 535
2121_c5_bike0002.png 0.051138303760798115 449 434
2459_c5_bike0010.png 0.05113218394952135 872 958
0037_c3_eletric0008.png 0.05094472424851926 871 957
0639_c5_bike0009.png 0.050909090909090904 1117 1177
2833_c6_bike0009.png 0.050323047826229955 327 287
0077_c5_eletric0002.png 0.050219610326344165 330 292
0921_c5_bike0006.png 0.04999999999999993 1384 1203
0845_c4_bike0007.png 0.04947987612321488 244 85
1365_c4_bike0008.png 0.04938039405117685 283 174
0657_c5_bike0003.png 0.04861111111111116 1340 1205
3205_c6_bike0006.png 0.04851440461322698 500 507
1363_c4_bike0002.png 0.0482039167523039 592 622
3355_c5_bike0005.png 0.048121020328299124 318 280
0317_c1_eletric0005.png 0.04786932117697869 297 239
0255_c5_eletric0006.png 0.0471971291676705 311 262
0671_c5_bike0009.png 0.046450617283950724 1020 1108
1469_c5_bike0005.png 0.046393803085231854 306 261
4355_c5_motor0003.png 0.04616245297690138 263 150
1199_c4_bike0002.png 0.045972574085524597 223 39
3217_c6_bike0001.png 0.04514185001989879 1034 1118
2557_c5_bike0009.png 0.04477751100104749 529 541
3181_c5_bike0003.png 0.04444444444444451 1345 1211
1289_c5_bike0006.png 0.044391853442278514 274 179
4553_c1_motor0005.png 0.043959435626102494 1068 1145
3297_c6_bike0006.png 0.04370830457786978 970 1068
3925_c5_motor0001.png 0.043658810325476916 1108 1182
0845_c5_bike0003.png 0.04339994927986891 236 112
2319_c6_bike0009.png 0.043333333333333446 1086 1163
4273_c5_motor0009.png 0.04329004329004327 1120 1185
2725_c5_bike0008.png 0.043282395193125656 581 608
0951_c5_bike0001.png 0.04319871379582994 278 196
2251_c5_bike0005.png 0.042424242424242475 1195 1214
1877_c4_bike0003.png 0.04234809638363861 232 114
2639_c6_bike0008.png 0.04234425481447539 249 149
1445_c5_bike0006.png 0.04226804703717418 727 803
3535_c6_bike0005.png 0.0421075837742505 1129 1197
1225_c5_bike0006.png 0.04185320907578907 253 163
0125_c5_eletric0003.png 0.041112605422733206 951 1048
3351_c5_bike0009.png 0.040448403036574786 203 41
1477_c5_bike0005.png 0.040302295956440165 315 296
2021_c5_bike0003.png 0.04012345679012341 1294 1215
0157_c5_eletric0009.png 0.04012345679012341 1312 1217
3433_c6_bike0009.png 0.04009355550078754 345 337
4543_c6_motor0006.png 0.039682539682539764 1279 1218
4513_c5_motor0009.png 0.039682539682539764 1324 1220
1525_c5_bike0006.png 0.03962816423497535 251 167
2145_c6_bike0004.png 0.03951382038448979 298 265
1745_c5_bike0003.png 0.03888888888888886 1130 1202
3903_c5_motor0009.png 0.03865961199294532 994 1095
1671_c4_bike0002.png 0.03797936667323795 275 211
0013_c1_eletric0009.png 0.03785874619207941 753 832
0731_c5_bike0007.png 0.037577935469008644 222 118
3691_c2_motor0008.png 0.037345679012345756 1259 1222
0657_c3_bike0004.png 0.037345679012345756 1283 1229
0077_c4_eletric0008.png 0.03697102121986407 202 75
3401_c6_bike0001.png 0.03686501290104029 213 108
3615_c6_bike0004.png 0.03676046176046177 975 1076
1019_c5_bike0004.png 0.036700253671927 467 476
1793_c5_bike0008.png 0.03637373429040103 952 1051
2581_c5_bike0007.png 0.03621154649930901 265 208
4465_c6_motor0007.png 0.03610848355813297 293 270
1471_c5_bike0010.png 0.03591563330985392 1045 1144
1631_c5_bike0005.png 0.03582375478927202 1031 1130
1415_c5_bike0004.png 0.03545857274464942 250 189
1545_c5_bike0010.png 0.03532547699214361 1143 1210
1747_c5_bike0003.png 0.034920946341488214 273 219
0729_c5_bike0010.png 0.0347083612053298 496 523
0309_c1_eletric0008.png 0.03446310631763605 508 531
4381_c5_motor0005.png 0.034212913965747174 237 165
3395_c6_bike0006.png 0.03418803418803407 1236 1230
3435_c6_bike0003.png 0.03418803418803407 1352 1231
3747_c1_motor0008.png 0.03418803418803407 1284 1232
4009_c4_motor0003.png 0.033947246878281434 921 1021
1955_c5_bike0003.png 0.03280604118874966 230 164
2505_c5_bike0004.png 0.032728131336162786 429 446
0901_c4_bike0005.png 0.03271328562352405 957 1055
2057_c5_bike0010.png 0.03270962160570724 406 411
2937_c5_bike0010.png 0.032547699214365844 1258 1235
1821_c4_bike0008.png 0.032547699214365844 1204 1236
3267_c6_bike0005.png 0.0325446825409271 206 123
1199_c5_bike0007.png 0.03251382081013318 180 47
2331_c5_bike0006.png 0.03196887702241738 310 309
0257_c5_eletric0008.png 0.031918390251723716 858 948
1627_c4_bike0006.png 0.03151934351050656 322 332
2569_c5_bike0006.png 0.03147168476164944 219 146
3165_c6_bike0010.png 0.03106686676088133 752 835
1321_c5_bike0007.png 0.030412075004178543 218 153
4431_c5_motor0004.png 0.029721872041770722 175 55
2123_c5_bike0010.png 0.02968038356400797 295 294
3615_c1_bike0009.png 0.0295955073732852 889 990
1613_c4_bike0009.png 0.02936842075364152 252 217
1433_c5_bike0002.png 0.029322388707699973 281 258
0323_c2_bike0006.png 0.028888867770948262 210 152
0169_c4_eletric0003.png 0.02869284161456831 913 1020
3973_c5_motor0001.png 0.028571428571428692 1137 1219
2129_c5_bike0006.png 0.028535378894332553 577 618
4381_c6_motor0004.png 0.028090957973381417 163 30
3535_c1_bike0003.png 0.028073215818314123 1073 1170
0177_c4_eletric0004.png 0.02777777777777779 1173 1238
0675_c3_bike0010.png 0.02777777777777779 1213 1239
4033_c4_motor0002.png 0.02777777777777779 1360 1241
4161_c5_motor0005.png 0.027244104768295266 179 92
0137_c4_eletric0002.png 0.02707680192959827 660 725
2739_c6_bike0004.png 0.026726956387081176 254 236
0027_c1_eletric0008.png 0.02671957671957692 1037 1148
3649_c1_motor0010.png 0.026587301587301604 931 1033
0115_c5_eletric0008.png 0.026463904650179115 635 699
3533_c1_bike0001.png 0.026416192699704327 370 390
0809_c5_bike0003.png 0.025797118643976935 523 553
2985_c5_bike0006.png 0.025667066036177175 362 376
2705_c6_bike0004.png 0.025578611772120466 324 346
3457_c1_bike0009.png 0.025033782968702054 144 17
2893_c6_bike0006.png 0.02489696215186421 876 975
4353_c6_motor0003.png 0.024780209383414298 778 871
2101_c5_bike0006.png 0.024172263420621704 537 573
1425_c5_bike0009.png 0.024068190440686366 191 136
1521_c4_bike0003.png 0.023916268306191382 299 320
2129_c6_bike0005.png 0.02387606946430476 748 841
2477_c6_bike0008.png 0.023682480486297258 300 322
1765_c4_bike0002.png 0.023480900336763033 325 349
0905_c5_bike0004.png 0.023456790123456916 1287 1244
4565_c1_motor0001.png 0.023456790123456916 1169 1245
4513_c6_motor0010.png 0.023456790123456916 1186 1246
3577_c6_bike0005.png 0.023305361159717597 402 419
2035_c6_bike0007.png 0.023229746511408314 305 328
1357_c4_bike0010.png 0.023072836804110618 154 62
2591_c6_bike0009.png 0.022824551175872412 159 74
3105_c5_bike0010.png 0.022769483874476637 914 1027
0959_c4_bike0002.png 0.022680063273800233 422 454
1633_c5_bike0002.png 0.022626138338212587 615 676
1397_c4_bike0005.png 0.022490980334117616 631 695
1747_c4_bike0001.png 0.022341870911898293 226 209
0335_c1_bike0006.png 0.02213842802078092 898 1008
3301_c5_bike0001.png 0.021980668748086157 428 461
1461_c4_bike0003.png 0.02188979748968422 246 244
4167_c5_motor0007.png 0.02186169061418744 443 478
2025_c5_bike0005.png 0.021792052081919804 288 290
2569_c6_bike0003.png 0.02174194128288623 411 431
1613_c5_bike0001.png 0.021685210417562634 127 23
1913_c4_bike0002.png 0.021589782154378637 239 229
0597_c3_bike0008.png 0.021372858030771463 397 417
3183_c5_bike0008.png 0.021183744238393393 522 557
1419_c5_bike0008.png 0.020664570599987445 217 204
1105_c4_bike0008.png 0.02066259605050843 132 44
0949_c4_bike0008.png 0.02055312252794477 231 225
3991_c5_motor0005.png 0.020479094507182532 162 102
2293_c5_bike0005.png 0.020249654238494216 270 272
3905_c4_motor0006.png 0.02020202020202022 1356 1248
0683_c3_bike0009.png 0.02020202020202022 1225 1249
3735_c2_motor0005.png 0.02020202020202022 1359 1251
0197_c6_eletric0009.png 0.02020202020202022 1216 1253
1241_c5_bike0001.png 0.02020202020202022 1179 1254
0893_c5_bike0005.png 0.02020202020202022 1286 1255
1701_c5_bike0007.png 0.02020202020202022 1159 1256
1929_c4_bike0008.png 0.020162047375692174 169 127
3985_c5_motor0008.png 0.01999543666210335 891 1000
0101_c5_eletric0009.png 0.019977553310886687 1030 1156
3479_c1_bike0010.png 0.019725941652272354 131 51
0247_c5_eletric0008.png 0.01969449705296283 150 87
1231_c5_bike0006.png 0.01968618309742237 474 519
4021_c5_motor0008.png 0.01933208775986559 129 52
2309_c6_bike0005.png 0.019314547102125004 262 263
0831_c5_bike0004.png 0.01901471984805314 556 598
2641_c6_bike0007.png 0.018654556506996687 161 119
2779_c6_bike0006.png 0.018648958103141215 182 156
3301_c6_bike0010.png 0.018564731056824713 568 615
3253_c5_bike0001.png 0.018326741198994433 157 117
1067_c5_bike0001.png 0.018288039121372224 996 1114
3727_c2_motor0001.png 0.018198960719244706 482 529
3511_c1_bike0002.png 0.017945093241977655 221 215
4081_c4_motor0007.png 0.017764627001755705 139 80
0083_c4_eletric0004.png 0.017704878695969928 425 469
0251_c6_eletric0001.png 0.017615843674181703 197 193
2891_c5_bike0006.png 0.01715098271994917 116 35
0801_c5_bike0008.png 0.017116286822810578 468 509
4379_c5_motor0004.png 0.016783404599416775 200 202
3627_c1_bike0007.png 0.01666666666666672 1107 1213
4421_c5_motor0009.png 0.01666666666666672 1139 1237
1185_c4_bike0001.png 0.016604537437870937 1042 1167
1685_c4_bike0006.png 0.016394699328499598 136 86
3047_c6_bike0003.png 0.016132091869265664 113 42
3531_c6_bike0001.png 0.015613652868554762 1064 1180
1671_c5_bike0007.png 0.015455011065027006 209 216
1507_c5_bike0002.png 0.015413504765347391 355 385
2553_c5_bike0005.png 0.015207453881643955 192 191
1961_c5_bike0002.png 0.014800199048166596 616 685
2815_c6_bike0001.png 0.01442192150213438 373 404
0117_c5_eletric0006.png 0.01436836025947607 215 228
3571_c1_bike0004.png 0.014162180904003452 662 741
4021_c4_motor0003.png 0.014158208758284527 125 93
3853_c5_motor0002.png 0.014093149032043981 111 57
2193_c6_bike0003.png 0.013778715566386117 101 26
3825_c5_motor0005.png 0.013704919125119286 627 700
2867_c6_bike0004.png 0.01365300326500065 255 281
2731_c5_bike0003.png 0.012939118096134941 124 103
2687_c5_bike0010.png 0.012843151253696547 256 284
2875_c5_bike0003.png 0.012681280427009558 152 139
0949_c5_bike0008.png 0.012575873384277347 155 141
3317_c5_bike0004.png 0.012345679012345623 1097 1207
2287_c5_bike0001.png 0.01204876777869604 280 311
1507_c4_bike0006.png 0.011949480474588284 248 277
1261_c5_bike0003.png 0.011935421383949707 462 511
4551_c6_motor0009.png 0.011710839946134088 718 807
0317_c6_eletric0001.png 0.011528234703809509 187 201
1231_c4_bike0003.png 0.011207677398153593 650 728
0497_c3_bike0008.png 0.011111111111111072 1153 1259
3347_c5_bike0002.png 0.011111111111111072 1218 1263
3009_c6_bike0010.png 0.011111111111111072 1385 1264
1675_c4_bike0003.png 0.011111111111111072 1241 1268
2959_c6_bike0009.png 0.011111111111111072 1197 1269
1387_c4_bike0001.png 0.011111111111111072 1353 1270
3697_c1_motor0008.png 0.011111111111111072 1209 1271
3185_c6_bike0001.png 0.011111111111111072 1327 1274
2249_c5_bike0002.png 0.011111111111111072 1214 1276
1595_c4_bike0010.png 0.011111111111111072 1371 1278
3949_c5_motor0001.png 0.011011483989972315 463 513
3463_c6_bike0002.png 0.010805160453527085 570 626
0313_c6_eletric0004.png 0.010585844643815623 1011 1149
2293_c6_bike0006.png 0.01044927557535218 194 212
0345_c1_bike0003.png 0.010081550315265683 276 308
3033_c5_bike0009.png 0.009989766284833501 394 433
3479_c6_bike0003.png 0.009987981061795137 109 90
2581_c6_bike0003.png 0.009684146064531836 112 100
1187_c5_bike0005.png 0.009626168159200497 238 269
2279_c5_bike0009.png 0.009547213470399295 135 135
0975_c5_bike0003.png 0.0095424966997067 110 98
4145_c4_motor0009.png 0.00934203860711616 415 468
0289_c6_eletric0005.png 0.008823529411764786 1063 1189
3047_c5_bike0006.png 0.008754309178133397 121 126
1357_c5_bike0006.png 0.00874290797822147 100 69
3081_c5_bike0009.png 0.008607485286076355 413 467
2041_c6_bike0007.png 0.008048124714791438 736 839
0001_c2_eletric0007.png 0.007873172932806176 81 49
3671_c2_motor0005.png 0.007790849938558789 332 382
4567_c6_motor0004.png 0.007547570776886309 460 518
3493_c1_bike0002.png 0.007407407407407307 888 1018
4269_c5_motor0001.png 0.007359307359307343 989 1123
2705_c5_bike0001.png 0.007055975158625695 119 131
0849_c4_bike0009.png 0.007053437575805857 82 60
2729_c6_bike0010.png 0.0066360944738858355 189 220
4395_c5_motor0006.png 0.006557686031204888 68 46
2665_c5_bike0007.png 0.006223482463989585 208 254
3379_c5_bike0005.png 0.005892033771843885 571 635
2041_c5_bike0003.png 0.005836335919456093 573 640
2203_c5_bike0009.png 0.0057366928190454095 160 187
2665_c6_bike0010.png 0.005022388242399409 88 84
2747_c6_bike0010.png 0.005020603012546435 347 396
2039_c5_bike0008.png 0.005013243494689634 62 40
3499_c1_bike0009.png 0.0049223007685678805 282 329
2617_c5_bike0001.png 0.004855752809768022 65 45
3941_c4_motor0008.png 0.004746396759332222 92 95
2037_c6_bike0007.png 0.004290739469247568 90 96
0247_c6_eletric0009.png 0.004225661086256054 70 70
2131_c5_bike0002.png 0.004161569631617387 201 252
1481_c4_bike0002.png 0.004126441027025807 494 555
2677_c6_bike0009.png 0.003919731855461017 94 107
1849_c5_bike0008.png 0.0035705653234476727 104 129
0825_c5_bike0001.png 0.0035529859141072116 80 83
2923_c6_bike0006.png 0.0034058326900227864 531 595
2131_c6_bike0001.png 0.003207663574419886 126 166
2659_c5_bike0009.png 0.0031562922887748107 43 33
1577_c4_bike0009.png 0.0030172842404803113 711 804
3451_c6_bike0001.png 0.0028858731738139187 388 439
4063_c4_motor0003.png 0.002836376594777522 86 101
0889_c5_bike0005.png 0.002761827031374008 34 18
2405_c6_bike0005.png 0.0027503985243897376 137 177
0893_c4_bike0006.png 0.002729500891265446 1012 1164
4433_c6_motor0004.png 0.002665317081800813 133 175
4217_c4_motor0005.png 0.002575071469104401 33 20
2239_c6_bike0002.png 0.0025068536150049236 71 89
0849_c5_bike0006.png 0.002420801270737889 84 106
1073_c4_bike0008.png 0.0024131668814178246 53 54
4355_c6_motor0005.png 0.0019980815645690014 102 134
2115_c6_bike0008.png 0.0019401045448218866 35 28
3991_c4_motor0006.png 0.0019346885790556042 85 109
3275_c5_bike0003.png 0.0019195561261655001 58 65
2641_c5_bike0009.png 0.0017282530240514899 37 32
2043_c5_bike0001.png 0.0016894087069526664 1047 1190
2541_c5_bike0010.png 0.0015432098765433278 1055 1195
1015_c5_bike0004.png 0.001513602621983088 26 21
1929_c5_bike0004.png 0.0014970138793888761 118 161
1887_c4_bike0010.png 0.0014496930674368618 32 34
2389_c5_bike0001.png 0.001405405098827998 25 15
3623_c1_bike0006.png 0.0012672541959391059 66 77
4217_c5_motor0004.png 0.0012061258639231055 20 6
2615_c6_bike0006.png 0.0009354212643351853 59 76
2691_c6_bike0009.png 0.000752114124935829 57 73
1711_c4_bike0003.png 0.0007206685201253476 14 4
4067_c5_motor0008.png 0.0006638867033370423 10 0
0825_c4_bike0006.png 0.000649595981852328 56 72
2795_c5_bike0006.png 0.0006016262122390023 9 1
0747_c5_bike0010.png 0.0005381632589886998 431 503
1073_c5_bike0009.png 0.0004880888355732484 31 43
3573_c1_bike0001.png 0.00043597092547347643 134 184
3853_c4_motor0010.png 0.0003769799796367098 64 81
3457_c6_bike0004.png 0.0003375834677090562 67 99
2553_c6_bike0002.png 0.00028913288573453313 24 27
2685_c5_bike0006.png 0.0002203308938755939 13 13
0383_c3_bike0005.png 0.00018677888321977018 72 111
3473_c6_bike0003.png 0.00015352225804936585 22 25
2785_c5_bike0010.png 0.00010973234908273795 39 56
1703_c5_bike0007.png 0.00010460553276223084 328 389
4067_c4_motor0003.png 5.666527679140654e-05 6 9
2489_c5_bike0009.png 0.0 1142 1258
3711_c1_motor0002.png 0.0 1132 1260
0667_c5_bike0002.png 0.0 1138 1267
1385_c4_bike0001.png 0.0 1190 1279
2751_c6_bike0006.png 0.0 1193 1281
0271_c5_eletric0001.png 0.0 1196 1282
1493_c4_bike0008.png 0.0 1199 1283
0667_c3_bike0002.png 0.0 1198 1284
1971_c5_bike0004.png 0.0 1203 1285
4257_c6_motor0001.png 0.0 1210 1286
0661_c5_bike0001.png 0.0 1211 1287
0521_c5_bike0008.png 0.0 1192 1288
0133_c5_eletric0010.png 0.0 1194 1289
3323_c5_bike0010.png 0.0 1247 1290
3269_c5_bike0001.png 0.0 1249 1291
4565_c6_motor0009.png 0.0 1221 1292
3153_c6_bike0003.png 0.0 1230 1293
1807_c5_bike0003.png 0.0 1232 1295
4111_c4_motor0008.png 0.0 1227 1297
0897_c5_bike0003.png 0.0 1250 1298
0291_c5_eletric0003.png 0.0 1222 1299
2489_c6_bike0005.png 0.0 1229 1300
3967_c5_motor0004.png 0.0 1240 1301
0751_c4_bike0002.png 0.0 1233 1302
3637_c6_bike0007.png 0.0 1235 1303
3069_c6_bike0008.png 0.0 1220 1304
4493_c6_motor0007.png 0.0 1242 1306
3641_c2_motor0007.png 0.0 1223 1307
4509_c5_motor0002.png 0.0 1239 1308
2941_c6_bike0007.png 0.0 1248 1309
0905_c4_bike0007.png 0.0 1292 1310
0599_c5_bike0002.png 0.0 1264 1312
3537_c1_bike0004.png 0.0 1262 1313
0009_c2_eletric0006.png 0.0 1255 1315
2869_c5_bike0001.png 0.0 1260 1316
0409_c3_bike0001.png 0.0 1269 1317
4245_c5_motor0005.png 0.0 1271 1318
3531_c1_bike0006.png 0.0 1265 1320
0659_c5_bike0006.png 0.0 1278 1321
0521_c3_bike0010.png 0.0 1365 1323
4449_c6_motor0007.png 0.0 1272 1324
0219_c5_eletric0010.png 0.0 1326 1325
0409_c2_bike0004.png 0.0 1362 1326
3627_c6_bike0006.png 0.0 1378 1327
4009_c5_motor0008.png 0.0 1373 1328
3327_c5_bike0002.png 0.0 1393 1329
0897_c4_bike0001.png 0.0 1368 1330
3713_c1_motor0002.png 0.0 1267 1331
1763_c4_bike0001.png 0.0 1276 1332
0299_c6_eletric0004.png 0.0 1277 1333
3101_c6_bike0005.png 0.0 1299 1334
3185_c5_bike0003.png 0.0 1300 1335
3557_c6_bike0004.png 0.0 1302 1336
2497_c6_bike0008.png 0.0 1313 1337
4529_c5_motor0005.png 0.0 1304 1338
1909_c4_bike0005.png 0.0 1301 1339
3537_c6_bike0003.png 0.0 1290 1340
3009_c5_bike0006.png 0.0 1296 1341
3767_c2_motor0010.png 0.0 1293 1342
1193_c5_bike0009.png 0.0 1291 1343
1421_c5_bike0003.png 0.0 1268 1344
0633_c3_bike0001.png 0.0 1319 1345
1387_c5_bike0009.png 0.0 1318 1346
0589_c5_bike0007.png 0.0 1315 1348
1213_c5_bike0007.png 0.0 1311 1349
0109_c4_eletric0008.png 0.0 1309 1350
3747_c2_motor0002.png 0.0 1282 1351
3487_c1_bike0010.png 0.0 1289 1352
0227_c6_eletric0004.png 0.0 1370 1353
3155_c5_bike0008.png 0.0 1176 1354
1807_c4_bike0002.png 0.0 1366 1355
1701_c4_bike0004.png 0.0 1380 1356
3697_c2_motor0009.png 0.0 1358 1357
0009_c1_eletric0008.png 0.0 1357 1358
0683_c5_bike0001.png 0.0 1355 1359
0497_c5_bike0005.png 0.0 1350 1360
3557_c1_bike0006.png 0.0 1347 1361
3269_c6_bike0004.png 0.0 1346 1362
3327_c6_bike0008.png 0.0 1251 1363
4245_c6_motor0001.png 0.0 1147 1364
0121_c5_eletric0005.png 0.0 1175 1368
3845_c4_motor0008.png 0.0 1182 1369
3823_c5_motor0006.png 0.0 1171 1370
3937_c5_motor0006.png 0.0 1180 1371
0415_c2_bike0004.png 0.0 1168 1372
3181_c6_bike0010.png 0.0 1166 1373
0331_c2_bike0003.png 0.0 1146 1375
2937_c6_bike0007.png 0.0 1323 1377
0331_c1_bike0003.png 0.0 1344 1378
4449_c5_motor0008.png 0.0 1394 1379
4529_c6_motor0002.png 0.0 1392 1380
2869_c6_bike0003.png 0.0 1391 1381
3925_c4_motor0002.png 0.0 1390 1382
0039_c3_eletric0005.png 0.0 1388 1383
0121_c4_eletric0001.png 0.0 1387 1384
3967_c4_motor0007.png 0.0 1386 1385
3153_c5_bike0006.png 0.0 1336 1386
2325_c6_bike0007.png 0.0 1342 1387
2497_c5_bike0003.png 0.0 1364 1388
2751_c5_bike0003.png 0.0 1361 1389
3295_c6_bike0009.png 0.0 1328 1391
1809_c4_bike0001.png 0.0 1337 1392
0147_c5_eletric0001.png 0.0 1335 1393
1193_c4_bike0010.png 0.0 1329 1394
1385_c5_bike0009.png 0.0 1334 1395
3769_c1_motor0002.png 0.0 1252 1396
0455_c2_bike0002.png 0.0 1343 1397
1493_c5_bike0009.png 0.0 1399 1399
3511_c6_bike0007.png -7.929782080886433e-06 156 210
0347_c2_bike0005.png -2.7192368914615104e-05 12 16
1711_c5_bike0003.png -0.00014490477271379113 8 14
4475_c5_motor0010.png -0.00018574390704375753 3 11
3431_c6_bike0008.png -0.00019231305463196513 845 966
2933_c6_bike0010.png -0.00021578961908859298 23 31
2783_c6_bike0004.png -0.00023643009786888545 0 5
2685_c6_bike0007.png -0.0002543969868162811 42 66
2783_c5_bike0004.png -0.00029556980854440556 1 7
2933_c5_bike0005.png -0.0005630958042337748 15 24
2795_c6_bike0007.png -0.0006141893639036809 7 19
0347_c1_bike0002.png -0.000645238390649088 38 61
2779_c5_bike0007.png -0.0006763452297754054 60 94
0729_c4_bike0009.png -0.0008593116379455017 77 121
3275_c6_bike0008.png -0.0009478854455203314 199 268
2039_c6_bike0004.png -0.000976378983708 5 22
4013_c4_motor0010.png -0.0009987201660001752 97 137
2143_c6_bike0008.png -0.0014833800135385519 16 38
4261_c6_motor0001.png -0.0015455390780658917 29 59
2987_c5_bike0001.png -0.0015517692950405282 596 673
1205_c5_bike0001.png -0.0016959374330735295 11 36
2389_c6_bike0001.png -0.0019484690637035403 138 205
1291_c4_bike0008.png -0.0019874978092852677 28 63
1205_c4_bike0005.png -0.002402091600006496 30 67
2153_c6_bike0002.png -0.0024273606205658382 432 506
1709_c4_bike0007.png -0.0024934002813124653 2 37
2785_c6_bike0003.png -0.002496700255325969 36 71
2171_c5_bike0003.png -0.002622251812418097 107 170
3907_c5_motor0010.png -0.00269201392061179 18 53
4545_c1_motor0006.png -0.002777777777777657 1085 1227
1015_c4_bike0006.png -0.0028600587765729504 120 186
1709_c5_bike0002.png -0.003078943083410019 4 48
2287_c6_bike0007.png -0.0030862551650510245 268 335
1047_c4_bike0008.png -0.003112612938103095 40 88
3059_c5_bike0009.png -0.0031454737328476916 114 181
0885_c4_bike0009.png -0.003466286799620244 1067 1208
4063_c5_motor0005.png -0.0036224498398482875 21 64
1665_c5_bike0007.png -0.004698072025987765 563 636
1549_c4_bike0010.png -0.00481336842991234 95 158
3907_c4_motor0006.png -0.0049015130502635205 17 68
0323_c1_bike0006.png -0.005055575797725219 158 234
4539_c6_motor0001.png -0.005292553211827972 41 113
4561_c6_motor0003.png -0.0054128109394678894 245 326
4545_c6_motor0006.png -0.005494505494505697 1090 1233
1383_c5_bike0008.png -0.005555555555555425 993 1152
2465_c6_bike0003.png -0.005714021541754561 103 178
1549_c5_bike0001.png -0.005816945015163997 83 154
2691_c5_bike0009.png -0.005895398720166562 49 122
4283_c5_motor0004.png -0.006115926442314547 234 314
3279_c5_bike0008.png -0.006959876992913297 115 200
1469_c4_bike0010.png -0.007054518123609049 499 578
3059_c6_bike0007.png -0.007073713399608234 69 151
0619_c3_bike0001.png -0.007242320993611107 802 929
1291_c5_bike0001.png -0.007378712025503557 19 97
2465_c5_bike0010.png -0.007443983846003028 52 133
3279_c6_bike0010.png -0.007637915503509401 78 159
0647_c5_bike0005.png -0.007733394720854436 560 638
3473_c1_bike0001.png -0.007904229416268092 93 176
2477_c5_bike0007.png -0.007958370815386894 89 173
0269_c5_eletric0004.png -0.007994329222623692 491 571
1105_c5_bike0001.png -0.008362157993535155 61 145
3941_c5_motor0003.png -0.008446869890235256 146 238
3487_c6_bike0002.png -0.008911579563753547 910 1041
3641_c1_motor0003.png -0.00909090909090915 1122 1265
2615_c5_bike0002.png -0.009414441139624679 27 125
3581_c1_bike0002.png -0.009429047695194745 321 397
2451_c5_bike0009.png -0.009480382797308085 79 171
1553_c4_bike0003.png -0.00949486152244364 164 253
2657_c5_bike0002.png -0.00950006422280842 55 147
0959_c5_bike0004.png -0.009704885204862956 400 477
2617_c6_bike0006.png -0.009835409772708296 48 142
2385_c5_bike0003.png -0.010323662156410104 259 344
2601_c6_bike0005.png -0.010648222179082411 96 195
2037_c5_bike0004.png -0.010675589177965433 140 243
2885_c5_bike0006.png -0.01072952560585419 181 279
0659_c3_bike0005.png -0.011111111111111072 1133 1305
4539_c1_motor0008.png -0.011380836819472552 87 185
1521_c5_bike0003.png -0.011414557421663397 233 327
1365_c5_bike0001.png -0.011617439441186088 216 312
4161_c4_motor0010.png -0.01178180593719377 54 160
0889_c4_bike0008.png -0.012003291841008183 74 182
2657_c6_bike0002.png -0.012203613864857518 130 242
3581_c6_bike0006.png -0.012238415978553706 258 348
0607_c3_bike0006.png -0.012345679012345623 1104 1247
3431_c5_bike0007.png -0.012345679012345845 1110 1262
2357_c6_bike0001.png -0.012664491000961842 214 315
2115_c5_bike0009.png -0.01309481559930431 434 524
1373_c5_bike0003.png -0.013365433520935999 843 971
1685_c5_bike0010.png -0.01368045258700911 212 319
0187_c5_eletric0009.png -0.0139594752689991 896 1034
3623_c6_bike0006.png -0.014245522473737761 51 172
4325_c5_motor0005.png -0.01438101854905069 441 532
1577_c5_bike0007.png -0.014416194195652092 167 274
1887_c5_bike0010.png -0.014540438363459599 173 283
1729_c4_bike0001.png -0.014642456309122975 693 800
0515_c5_bike0002.png -0.014682539682539852 974 1128
3533_c6_bike0001.png -0.014753595584508061 348 415
3099_c6_bike0002.png -0.016225749559082847 1091 1243
2143_c5_bike0010.png -0.01663674885860162 50 183
3823_c3_motor0007.png -0.01666666666666672 1105 1275
1023_c5_bike0006.png -0.01679704782606052 105 233
4379_c6_motor0010.png -0.016869745815920684 172 288
4503_c5_motor0003.png -0.017061339589316826 359 426
4261_c5_motor0007.png -0.017070263730614578 99 222
3193_c6_bike0006.png -0.017165964495511568 314 399
0357_c2_bike0006.png -0.018314319941206914 689 797
3367_c6_bike0008.png -0.018369947740278336 47 194
4407_c5_motor0001.png -0.018816148480642614 76 213
4495_c6_motor0010.png -0.019693990209033965 261 361
1251_c5_bike0010.png -0.019852592031658282 148 278
0749_c5_bike0008.png -0.020146712251975396 838 973
2873_c6_bike0007.png -0.02020202020202022 1127 1311
2151_c5_bike0004.png -0.020711920854195008 196 323
2597_c5_bike0002.png -0.020732991064908238 171 299
0731_c4_bike0003.png -0.02084640017738537 448 546
4069_c5_motor0009.png -0.02090829271136163 943 1089
0961_c5_bike0003.png -0.021108985521576695 386 479
1355_c5_bike0002.png -0.02118536722069898 46 206
0001_c1_eletric0007.png -0.021777748478965755 123 266
0851_c4_bike0003.png -0.0227870465668964 98 248
2671_c6_bike0004.png -0.022973765429843432 184 316
2885_c6_bike0008.png -0.023076756318853905 168 301
4493_c5_motor0004.png -0.023456790123456916 1115 1365
3933_c5_motor0007.png -0.023643249464611195 75 235
4389_c5_motor0001.png -0.024080274237999747 149 291
4189_c5_motor0010.png -0.024131419943530852 493 594
3203_c6_bike0008.png -0.02446992613122207 220 343
0567_c5_bike0001.png -0.02494882530938669 309 405
4567_c1_motor0005.png -0.025696956418193737 357 441
4289_c5_motor0007.png -0.02579119136448016 91 251
3309_c6_bike0008.png -0.026317035444093598 166 305
2077_c5_bike0009.png -0.026646232844785955 807 942
0013_c2_eletric0003.png -0.027019839274741275 941 1092
2623_c5_bike0002.png -0.02728891972495058 272 377
3091_c6_bike0004.png -0.02749529190207156 924 1075
3995_c4_motor0008.png -0.02753616105485346 307 406
0163_c4_eletric0002.png -0.028480850430639415 566 662
0621_c5_bike0001.png -0.028677679207135764 685 798
3699_c1_motor0008.png -0.02901234567901234 1087 1266
2145_c5_bike0005.png -0.029178763662020435 260 374
4433_c5_motor0010.png -0.02926432830199957 477 582
1877_c5_bike0006.png -0.029304029304029422 1041 1234
1421_c4_bike0009.png -0.029597411042136923 333 427
1203_c5_bike0001.png -0.029978216363907767 455 563
1047_c5_bike0010.png -0.030239745903762216 420 537
2687_c6_bike0004.png -0.031659234211371894 141 307
2541_c6_bike0007.png -0.03169099419099419 557 656
2621_c6_bike0002.png -0.03184465125509961 583 683
3583_c6_bike0001.png -0.03186645614181838 966 1131
0565_c3_bike0001.png -0.03222654095182158 334 429
1817_c5_bike0010.png -0.032399249627373124 228 363
4271_c6_motor0008.png -0.03248678844109583 284 391
3383_c5_bike0001.png -0.032704387367781806 564 661
1213_c4_bike0006.png -0.033333333333333215 1015 1212
3427_c6_bike0007.png -0.03333333333333344 1078 1277
3229_c5_bike0003.png -0.03367498428954153 170 333
1433_c4_bike0002.png -0.03409916222964042 229 366
3387_c6_bike0007.png -0.03417761797432336 153 324
3387_c5_bike0003.png -0.03425540606976631 143 317
1789_c5_bike0003.png -0.034395902133260214 606 707
0799_c5_bike0007.png -0.03466638145970334 198 352
3229_c6_bike0005.png -0.03506964335083559 178 339
0851_c5_bike0004.png -0.035524749186322105 108 297
3933_c4_motor0009.png -0.03636285507810947 44 260
1963_c5_bike0001.png -0.0369048362802214 335 442
0945_c4_bike0005.png -0.037033215333831304 607 714
2257_c5_bike0002.png -0.037345679012345756 1095 1314
3767_c1_motor0002.png -0.037345679012345756 1094 1367
3305_c6_bike0005.png -0.037632275132275184 987 1186
1541_c4_bike0008.png -0.03775474213404597 205 358
1381_c5_bike0003.png -0.038367896693132786 372 488
0027_c2_eletric0009.png -0.03844797178130499 1019 1221
3071_c6_bike0009.png -0.0389272330412071 165 336
0183_c4_eletric0004.png -0.039370451552264214 241 383
2805_c6_bike0005.png -0.03962759944206523 506 619
3583_c1_bike0007.png -0.039682539682539764 1089 1296
4317_c6_motor0006.png -0.039682539682539764 1088 1374
4073_c4_motor0007.png -0.0396962381009352 544 650
1167_c5_bike0001.png -0.03992921971353111 367 481
4421_c6_motor0006.png -0.04042293741221378 437 561
0597_c5_bike0006.png -0.040717685372465284 504 621
3309_c5_bike0006.png -0.04141021644202676 264 395
4213_c5_motor0010.png -0.04173031124250637 967 1158
1663_c4_bike0006.png -0.04250612886056193 758 903
2171_c6_bike0003.png -0.04300019126480181 73 298
3367_c5_bike0007.png -0.04353655346596505 142 338
2485_c6_bike0003.png -0.04371576428055546 609 720
0735_c5_bike0004.png -0.04397974562813872 390 521
4005_c5_motor0007.png -0.04428904428904423 1035 1252
3719_c1_motor0006.png -0.044442406688427444 498 623
1515_c4_bike0001.png -0.04507190340523659 1005 1226
3867_c4_motor0006.png -0.045078848533599586 435 564
4541_c6_motor0006.png -0.04560342322398203 950 1125
1553_c5_bike0001.png -0.04584380593763268 185 362
0179_c4_eletric0006.png -0.04606270497908027 833 986
0455_c3_bike0004.png -0.04643658810325468 1074 1398
4427_c6_motor0003.png -0.04648325916118057 960 1146
3277_c6_bike0003.png -0.04649781513625359 410 540
1749_c5_bike0007.png -0.04659986720199025 464 590
2025_c6_bike0009.png -0.04662736309088626 294 421
2125_c5_bike0001.png -0.04673373773040282 450 580
1369_c4_bike0006.png -0.04812134888015897 344 471
4523_c6_motor0009.png -0.04831588945838207 360 484
2029_c5_bike0003.png -0.04842621733224817 617 743
3821_c5_motor0002.png -0.04897089171282709 969 1171
2053_c5_bike0007.png -0.04998975229897269 147 351
4289_c6_motor0005.png -0.05007222925522297 45 303
1381_c4_bike0003.png -0.05034992262218932 183 369
2985_c6_bike0004.png -0.05065670456556587 669 796
3235_c5_bike0006.png -0.05177948991279718 401 538
1959_c5_bike0005.png -0.05206408951506997 687 819
1051_c5_bike0004.png -0.05242253521295115 559 675
1573_c5_bike0006.png -0.052426823612302886 893 1069
1821_c5_bike0009.png -0.053164416340888726 483 614
2927_c5_bike0009.png -0.05335832164669557 706 847
0255_c6_eletric0005.png -0.05514085731728799 382 526
1425_c4_bike0008.png -0.055651054592819604 442 583
2301_c5_bike0003.png -0.056238466917461524 352 490
0515_c3_bike0010.png -0.057705614594205284 266 414
3465_c6_bike0001.png -0.057877043251722826 575 694
3179_c6_bike0007.png -0.0585646893928608 684 818
0401_c2_bike0001.png -0.058672163163969566 117 353
3291_c5_bike0005.png -0.060122396878577095 465 603
2875_c6_bike0003.png -0.06029148911939447 416 565
0145_c5_eletric0006.png -0.06131493506493507 521 653
2309_c5_bike0002.png -0.062095969466770054 351 501
3671_c1_motor0005.png -0.06317415864570876 331 485
3711_c2_motor0004.png -0.06411335578002253 981 1209
1383_c4_bike0003.png -0.0642656326970053 598 733
3203_c5_bike0008.png -0.0644679088820305 106 359
3973_c4_motor0010.png -0.06487119034418631 730 884
3433_c5_bike0005.png -0.06498686245468112 291 443
0745_c5_bike0007.png -0.06548830372574777 481 629
3759_c1_motor0005.png -0.06607384006086775 674 811
0599_c3_bike0005.png -0.06666666666666665 1032 1322
3193_c5_bike0005.png -0.06673378171833476 337 495
2941_c5_bike0004.png -0.06677375008128361 904 1088
4561_c1_motor0007.png -0.06716661001319937 296 455
3081_c6_bike0007.png -0.06745624459872096 421 585
0781_c4_bike0007.png -0.0678958215568117 211 403
3451_c1_bike0002.png -0.0686036696998944 543 674
1541_c5_bike0006.png -0.0687383931089248 63 350
2499_c6_bike0010.png -0.068823019086177 659 788
2731_c6_bike0009.png -0.06884950812891158 279 437
0981_c5_bike0009.png -0.07031569959256044 177 394
3881_c5_motor0005.png -0.0703643799257587 128 378
3071_c5_bike0004.png -0.07040621027855375 243 416
2247_c5_bike0001.png -0.07112413713730437 760 924
4503_c6_motor0002.png -0.07139706698530213 797 964
2789_c5_bike0002.png -0.07166105499438835 1004 1273
3209_c5_bike0007.png -0.07189906224459064 932 1137
2773_c6_bike0007.png -0.07201737485970502 326 497
0747_c4_bike0009.png -0.07373062762639654 639 779
3235_c6_bike0001.png -0.07381692175876162 379 548
3559_c1_bike0002.png -0.07661841675789383 864 1054
1085_c4_bike0001.png -0.07665261390751588 917 1110
0981_c4_bike0002.png -0.07700834871629506 375 547
1865_c4_bike0005.png -0.08027651360984689 852 1037
1733_c4_bike0006.png -0.0807192807192807 747 920
4343_c5_motor0009.png -0.08105853790335335 470 637
1393_c4_bike0002.png -0.0813386263881139 486 646
2485_c5_bike0001.png -0.08235623688084767 501 660
0951_c4_bike0008.png -0.08253628633030433 319 508
0531_c5_bike0010.png -0.08319397225485958 959 1191
0177_c5_eletric0005.png -0.0838115668389929 520 669
3091_c5_bike0001.png -0.08482347210941488 547 690
3105_c6_bike0008.png -0.08514911014911009 978 1240
1959_c4_bike0002.png -0.08541419599467592 595 747
1927_c4_bike0004.png -0.08649878073364864 672 827
2301_c6_bike0009.png -0.08834969112363011 539 689
1251_c4_bike0005.png -0.0886712149476219 224 438
2357_c5_bike0004.png -0.0889543445382393 317 515
1539_c5_bike0007.png -0.09018109895191911 447 628
3249_c6_bike0003.png -0.0918795549826168 722 893
4459_c6_motor0002.png -0.09220191012409296 884 1091
2745_c6_bike0008.png -0.09305459704010433 851 1052
0565_c5_bike0008.png -0.09459154442510359 644 792
4271_c5_motor0010.png -0.09552319952231803 701 869
2993_c6_bike0003.png -0.09570178489192532 444 630
2297_c5_bike0008.png -0.09655078662545576 188 428
1849_c4_bike0004.png -0.09694267678744548 336 536
2343_c5_bike0003.png -0.09754057534095661 533 692
1539_c4_bike0003.png -0.0985221918225827 472 655
1053_c4_bike0007.png -0.09900563828181588 368 568
1909_c5_bike0004.png -0.10030864197530853 985 1390
0163_c5_eletric0004.png -0.10435211121485632 834 1045
2451_c6_bike0001.png -0.10498755089107628 235 475
3849_c5_motor0003.png -0.10579266515987107 380 589
2279_c6_bike0005.png -0.10963212376372156 343 554
1461_c5_bike0006.png -0.11338663981476972 338 556
4297_c6_motor0009.png -0.11454891356502359 292 525
1019_c4_bike0004.png -0.11612097216826878 538 712
4541_c1_motor0006.png -0.1161375661375662 922 1169
0123_c4_eletric0002.png -0.11737762949762201 176 460
3355_c6_bike0004.png -0.11842846884143526 643 808
4255_c5_motor0010.png -0.11890242419927127 602 770
3849_c4_motor0002.png -0.12017030522689033 247 505
1043_c5_bike0002.png -0.12251841268479846 485 681
3713_c2_motor0003.png -0.1235019274874346 945 1223
3977_c4_motor0007.png -0.124066522659873 587 760
0957_c4_bike0002.png -0.1257575324673579 476 678
2917_c6_bike0005.png -0.1268716931216931 915 1176
2557_c6_bike0002.png -0.12758469116559787 190 486
2255_c6_bike0008.png -0.12786077393920536 854 1085
0941_c5_bike0006.png -0.12867547348411335 804 1029
1443_c4_bike0006.png -0.13012666345999657 949 1242
1829_c5_bike0005.png -0.13104613827249664 398 631
2811_c6_bike0002.png -0.13206365067422177 122 464
2443_c5_bike0009.png -0.13385468713083104 637 816
0609_c5_bike0004.png -0.13413031180326773 925 1200
0745_c4_bike0005.png -0.1346914024416057 342 591
2101_c6_bike0001.png -0.1351472403664283 518 710
0661_c3_bike0007.png -0.13539150907571973 955 1257
2069_c6_bike0001.png -0.13704443704443703 663 854
2671_c5_bike0006.png -0.13742413140112641 473 686
4257_c5_motor0006.png -0.13855218855218854 961 1319
0941_c4_bike0008.png -0.13877159988033252 240 528
4571_c6_motor0002.png -0.1404188948306595 916 1194
1817_c4_bike0009.png -0.1425398218763929 225 527
1023_c4_bike0005.png -0.1436335022692275 193 512
4553_c6_motor0007.png -0.14686603070726634 453 682
4043_c5_motor0008.png -0.14749251837487132 525 731
1699_c4_bike0009.png -0.15079498433565292 654 852
4407_c6_motor0009.png -0.15325491567745086 585 780
3637_c1_bike0008.png -0.15340708674042014 940 1272
1297_c4_bike0001.png -0.15521885521885526 938 1261
0375_c3_bike0004.png -0.15564519946671018 381 645
3843_c5_motor0008.png -0.15651204818914466 881 1166
4325_c6_motor0001.png -0.1565550553295651 589 782
2203_c6_bike0007.png -0.15731366203585706 151 516
2331_c6_bike0004.png -0.1592165117859511 407 663
0775_c5_bike0004.png -0.16132723313599628 657 863
2121_c6_bike0002.png -0.16197647013940505 466 703
0573_c3_bike0004.png -0.16508580477172075 729 959
2135_c5_bike0001.png -0.1668861339421839 195 544
0197_c5_eletric0010.png -0.16706169647346114 936 1376
4523_c5_motor0005.png -0.16889326591980958 430 688
0475_c2_bike0010.png -0.16985129068462423 863 1153
0179_c5_eletric0008.png -0.1732937716191304 756 989
0567_c3_bike0005.png -0.17427843089712092 777 1030
4495_c5_motor0003.png -0.17436854120101564 227 569
1355_c4_bike0001.png -0.17448747275109572 567 776
2401_c6_bike0003.png -0.18116901913008765 383 667
1595_c5_bike0002.png -0.18232898405312203 385 668
0309_c6_eletric0007.png -0.18463051732535446 418 693
3815_c3_motor0003.png -0.1850160097709116 734 976
1241_c4_bike0003.png -0.1901919983335158 621 849
3205_c5_bike0003.png -0.19543100900014046 174 574
2397_c6_bike0009.png -0.19645222597406195 186 579
1063_c5_bike0006.png -0.1991819827346143 803 1083
2401_c5_bike0010.png -0.19969355600797667 456 734
1063_c4_bike0010.png -0.20092592592592595 733 987
1971_c4_bike0006.png -0.206754048420715 875 1225
2871_c6_bike0010.png -0.20852791563162487 313 654
1991_c5_bike0002.png -0.20885240787294168 323 659
3843_c4_motor0007.png -0.2089386461570456 630 866
0799_c4_bike0008.png -0.20911914057598321 445 735
0787_c4_bike0003.png -0.22121817328243415 576 815
3645_c2_motor0005.png -0.2226955388624235 540 787
4297_c5_motor0004.png -0.2246806296351292 591 840
0475_c3_bike0002.png -0.22648997894438833 600 853
1749_c4_bike0009.png -0.22686591404904816 426 738
0357_c1_bike0008.png -0.22704543096699958 848 1198
0589_c3_bike0002.png -0.23069827346143146 814 1143
2251_c6_bike0004.png -0.2316785066785067 656 915
0735_c4_bike0008.png -0.23329411491692192 578 830
0531_c3_bike0010.png -0.23557191124804383 680 945
3379_c6_bike0008.png -0.23774307477867856 586 845
1329_c4_bike0006.png -0.23857134957718568 677 944
3881_c4_motor0007.png -0.24235684152626688 207 642
4189_c4_motor0005.png -0.24493809976770958 350 701
3035_c5_bike0007.png -0.24906734858231233 582 851
0605_c5_bike0006.png -0.2503138292353977 808 1154
0101_c4_eletric0005.png -0.25125520732245876 628 902
3305_c5_bike0004.png -0.25821266392342335 670 950
1051_c4_bike0003.png -0.2595234467783487 773 1097
0961_c4_bike0002.png -0.2597991171004586 558 831
3429_c6_bike0005.png -0.2614008399598715 709 1003
2135_c6_bike0010.png -0.2627483256023382 145 643
2517_c6_bike0004.png -0.263887963887964 745 1065
1591_c4_bike0007.png -0.2640517099134465 391 746
0083_c5_eletric0005.png -0.26409300575967243 651 930
0173_c5_eletric0010.png -0.26454294441728515 412 757
3267_c5_bike0010.png -0.26478006099770135 304 696
2257_c6_bike0007.png -0.27404031589028716 638 928
1443_c5_bike0002.png -0.27973811307010404 363 736
2865_c6_bike0005.png -0.28286687525424187 242 684
2255_c5_bike0006.png -0.28484015176913 603 895
1783_c5_bike0004.png -0.3006662505768904 601 909
0375_c2_bike0004.png -0.30188323386852806 574 879
4145_c5_motor0006.png -0.30849505884445844 562 870
0573_c5_bike0002.png -0.30851509601509597 795 1206
3491_c6_bike0007.png -0.3113977943688089 780 1179
3109_c6_bike0007.png -0.31928039376439804 703 1050
2343_c6_bike0004.png -0.32472231272497465 469 823
4343_c6_motor0004.png -0.32503926564526164 399 785
4213_c4_motor0010.png -0.33713780772604307 809 1294
3421_c5_bike0010.png -0.34092059214563764 725 1105
2467_c5_bike0006.png -0.34966588966588974 800 1347
3897_c5_motor0002.png -0.349816475871376 611 943
2517_c5_bike0010.png -0.3506484357027835 757 1172
1879_c4_bike0008.png -0.35230375956182397 519 872
3821_c3_motor0002.png -0.3549628842582077 688 1059
0063_c4_eletric0008.png -0.3619478192058837 743 1168
2009_c6_bike0004.png -0.3737644762644761 702 1096
3319_c6_bike0001.png -0.3770124484002943 526 901
2467_c6_bike0010.png -0.3882019285501791 369 814
1745_c4_bike0009.png -0.3906714200831848 775 1366
2993_c5_bike0001.png -0.3947046171012546 451 868
0125_c4_eletric0006.png -0.39532854085307945 584 956
0471_c2_bike0001.png -0.4023957523957524 648 1036
4427_c5_motor0005.png -0.40637942304608976 763 1280
2001_c4_bike0007.png -0.41449458833122754 492 913
3421_c6_bike0001.png -0.43990418990419 719 1216
3383_c6_bike0007.png -0.44678267229502494 395 876
3291_c6_bike0007.png -0.45156183264049765 671 1122
3249_c5_bike0009.png -0.4523296692414339 707 1204
3995_c5_motor0009.png -0.4670835337502005 673 1150
2313_c5_bike0003.png -0.47634889525994084 653 1107
1829_c4_bike0008.png -0.4858501896758928 204 828
4273_c6_motor0002.png -0.49148178956981975 569 1025
3911_c4_motor0005.png -0.5038674593891881 622 1094
1991_c4_bike0007.png -0.5100237667962125 642 1135
3759_c2_motor0006.png -0.5244292318461117 679 1250
1975_c4_bike0009.png -0.5633980299958972 446 988
0193_c6_eletric0001.png -0.5639305120535771 505 1032
2385_c6_bike0010.png -0.6209874022368507 479 1067
0465_c2_bike0008.png -0.621912220905041 384 1001
0167_c4_eletric0006.png -0.6257715087700455 374 995
1837_c4_bike0006.png -0.6433138401559455 484 1087
0383_c2_bike0009.png -0.6704969518096195 409 1060
1575_c4_bike0009.png -0.6766828730925676 289 991
1963_c4_bike0005.png -0.7425323070679452 267 1044
3559_c6_bike0010.png -0.7699913980959732 454 1228
1575_c5_bike0004.png -0.7888313909257705 408 1193
0637_c5_bike0005.png -0.8566045159656797 339 1224
