3845_c4_motor0008.png 0.999538853259449 1182 6
3877_c5_motor0002.png 0.9993126641496807 1341 32
4209_c4_motor0002.png 0.9993090091887628 1372 33
0299_c5_eletric0001.png 0.9992244497530554 1332 45
4513_c5_motor0009.png 0.9991784525154317 1324 49
0121_c5_eletric0005.png 0.9990742449306375 1175 60
0299_c6_eletric0004.png 0.9987871989359645 1277 83
4143_c4_motor0006.png 0.9987379431292014 1374 87
4513_c6_motor0010.png 0.998712854270776 1186 90
3395_c6_bike0006.png 0.9986050646737241 1236 96
3657_c2_motor0005.png 0.9985086522040415 1298 105
3947_c4_motor0001.png 0.998264117457716 1382 125
0169_c5_eletric0001.png 0.9982276394281016 1285 127
0121_c4_eletric0001.png 0.9975926762165431 1387 167
0155_c4_eletric0004.png 0.9953677789613462 1237 227
4257_c6_motor0001.png 0.994343793827831 1210 262
4143_c5_motor0003.png 0.9938170863633087 1325 274
1595_c4_bike0010.png 0.9927118010164037 1371 302
0261_c5_eletric0009.png 0.9914083892504648 1314 327
0133_c4_eletric0001.png 0.9912494868977031 1396 333
4529_c6_motor0002.png 0.9909141782846098 1392 338
0843_c5_bike0007.png 0.9906818840090951 1308 348
4529_c5_motor0005.png 0.9894543137033674 1304 374
3947_c5_motor0002.png 0.9892078629388004 1202 377
1565_c5_bike0007.png 0.9880793218200244 1177 388
4471_c5_motor0010.png 0.9874078163481289 1333 396
3973_c5_motor0001.png 0.9869580872739019 1137 140
4421_c5_motor0009.png 0.9864845157017706 1139 166
1725_c5_bike0007.png 0.9839967667909961 1163 433
1651_c5_bike0007.png 0.9828222478321457 1157 443
1827_c5_bike0004.png 0.979604096078053 1367 472
3981_c4_motor0010.png 0.9795458375680693 1330 473
3987_c4_motor0006.png 0.9789541220393654 1295 475
1545_c5_bike0010.png 0.9777761116146523 1143 380
4245_c6_motor0001.png 0.9770174778349627 1147 490
4493_c5_motor0004.png 0.9755583032115753 1115 62
1559_c4_bike0001.png 0.9753324611340528 1181 499
4275_c5_motor0001.png 0.9751310976778785 1124 229
4273_c5_motor0009.png 0.9741255561461555 1120 263
2021_c6_bike0009.png 0.9727525472823602 1274 514
3869_c4_motor0007.png 0.972024145797974 1217 517
4227_c5_motor0008.png 0.9709472828366714 1125 334
4317_c5_motor0005.png 0.9702196648594037 1106 145
1721_c5_bike0002.png 0.9697568645705333 1141 457
2251_c5_bike0005.png 0.9694181190093093 1195 528
1701_c4_bike0004.png 0.967257755785625 1380 540
3637_c6_bike0007.png 0.9672198151310339 1235 541
4499_c6_motor0003.png 0.9657173916996448 1165 549
1311_c4_bike0002.png 0.9637667885241663 1154 558
4211_c4_motor0003.png 0.9634960609838527 1102 162
3401_c5_bike0006.png 0.9598727597010619 1224 577
4245_c5_motor0005.png 0.9595901756668324 1271 578
2319_c6_bike0009.png 0.958107163288165 1086 126
0259_c5_eletric0007.png 0.957703077558779 1297 590
4545_c6_motor0006.png 0.9575289650741768 1090 179
1373_c4_bike0007.png 0.9543552689964356 1103 399
3827_c5_motor0001.png 0.9493703754262942 1377 624
0331_c2_bike0003.png 0.9430190427777959 1146 646
0765_c5_bike0004.png 0.9428541548723959 1156 647
0897_c5_bike0003.png 0.9384605317209581 1250 658
4227_c4_motor0003.png 0.936572085112063 1051 297
0113_c4_eletric0006.png 0.9358355436123421 1273 664
3869_c5_motor0005.png 0.9357672680249286 1178 666
3891_c4_motor0002.png 0.9342769765722054 1050 347
0765_c4_bike0009.png 0.9339346686872898 1093 521
4051_c4_motor0004.png 0.9336355739317949 1116 592
0027_c1_eletric0008.png 0.9322204308543693 1037 212
1201_c4_bike0006.png 0.9315415555300158 1389 679
3903_c4_motor0010.png 0.9274604203519177 1376 684
4575_c1_motor0006.png 0.9249458934533452 1084 539
3699_c1_motor0008.png 0.9246158787853129 1087 556
3445_c6_bike0001.png 0.9233620754025795 1083 547
1415_c4_bike0002.png 0.9213446269202554 1026 314
0027_c2_eletric0009.png 0.9209308266549416 1019 196
2917_c5_bike0002.png 0.9206284798313091 1136 678
1865_c5_bike0006.png 0.9192840122778355 1014 164
1185_c4_bike0001.png 0.9144905600203003 1042 493
2873_c5_bike0001.png 0.9134167318088664 1001 75
1363_c5_bike0009.png 0.9104883760584866 1100 641
0037_c5_eletric0009.png 0.9102641576153524 1010 357
4211_c5_motor0010.png 0.9102568112545949 1016 389
1445_c4_bike0003.png 0.9102091493623833 1006 315
1587_c5_bike0008.png 0.9093177591409096 1354 719
1651_c4_bike0009.png 0.9047095435741617 1044 550
4035_c4_motor0003.png 0.9040356245604942 1008 424
0183_c5_eletric0001.png 0.9039724823185694 997 151
2759_c6_bike0002.png 0.9017276184909233 1288 739
1515_c4_bike0001.png 0.8988238303516818 1005 455
3905_c4_motor0006.png 0.8968800445146483 1356 746
1241_c5_bike0001.png 0.8943471041107386 1179 750
1141_c4_bike0009.png 0.8899442538198206 995 435
4051_c5_motor0010.png 0.8897897975792656 1161 758
2351_c6_bike0004.png 0.8892522224794002 1079 671
0019_c1_eletric0005.png 0.8892071015757398 1003 518
2987_c6_bike0004.png 0.8866927907050088 1275 764
3981_c5_motor0003.png 0.8863993423682959 1331 765
1827_c4_bike0004.png 0.8852663657623479 1099 699
3905_c5_motor0008.png 0.8851684581845426 1310 767
4353_c5_motor0002.png 0.8843330104975023 1052 653
1571_c4_bike0006.png 0.8839576997934848 1040 632
1407_c5_bike0003.png 0.8835439099556945 1062 663
4033_c4_motor0002.png 0.8828643684861316 1360 771
4269_c5_motor0001.png 0.8792301693524326 989 477
1069_c4_bike0004.png 0.8784229563770327 1200 775
1631_c5_bike0005.png 0.8757620317346395 1031 649
4213_c5_motor0010.png 0.8705064866267971 967 69
1591_c5_bike0004.png 0.8698881526124338 1058 693
4415_c6_motor0005.png 0.8694457499451367 1254 789
1565_c4_bike0003.png 0.8687203028106729 1009 623
0161_c5_eletric0005.png 0.8677389694754077 1150 794
0901_c5_bike0001.png 0.8643168165817605 1053 697
1605_c5_bike0004.png 0.8637636806428624 1234 798
4257_c5_motor0006.png 0.8528787110494275 961 326
3399_c6_bike0003.png 0.8522496836139457 968 485
2325_c5_bike0007.png 0.8512040690378996 962 368
2021_c5_bike0003.png 0.8502546220125468 1294 816
4509_c5_motor0002.png 0.8493702652961655 1239 817
0125_c5_eletric0003.png 0.8491327610578795 951 142
2359_c5_bike0007.png 0.8483241241115789 1152 819
4087_c5_motor0008.png 0.8471966662899231 1049 733
1443_c4_bike0006.png 0.8450045337669698 949 99
2387_c6_bike0004.png 0.8439941621896311 1131 805
1185_c5_bike0005.png 0.843950727192616 1188 824
0101_c5_eletric0009.png 0.8435006857569775 1030 715
0487_c3_bike0004.png 0.8434771439024876 1060 747
3989_c4_motor0007.png 0.8396837196518446 1208 832
3713_c2_motor0003.png 0.8384991259942912 945 27
0371_c1_bike0007.png 0.8380924484738992 1375 836
4427_c6_motor0003.png 0.8373302495545815 960 498
1369_c5_bike0007.png 0.8355972962275786 972 594
0429_c3_bike0006.png 0.8350652989772055 1238 839
1559_c5_bike0001.png 0.8315744638095771 946 358
4459_c5_motor0007.png 0.8304394831493799 954 476
0343_c1_bike0001.png 0.8288658383055667 1126 818
1941_c5_bike0008.png 0.8236041006651177 980 668
3711_c2_motor0004.png 0.8229303970946444 981 673
3099_c5_bike0003.png 0.8202090902359296 1066 782
0259_c6_eletric0004.png 0.8200197476702769 1351 850
4209_c5_motor0003.png 0.8153796875928708 930 281
3903_c5_motor0009.png 0.8128998567796065 994 723
1721_c4_bike0009.png 0.8080329762616667 1081 811
4509_c6_motor0009.png 0.8070143458568654 1212 864
4111_c4_motor0008.png 0.803917414776016 1227 865
2725_c6_bike0006.png 0.8026649154618969 918 80
1397_c5_bike0004.png 0.802367378448904 944 562
0227_c6_eletric0004.png 0.8006423043458801 1370 870
0169_c4_eletric0003.png 0.7993325879599295 913 141
1967_c5_bike0007.png 0.7963142875840404 908 20
1311_c5_bike0010.png 0.7943629163043837 1149 876
4147_c5_motor0003.png 0.791712342317181 1140 868
3637_c1_bike0008.png 0.7910393011659806 940 600
1879_c5_bike0004.png 0.7902263928379114 1007 783
3573_c6_bike0007.png 0.782796016403901 894 186
0429_c2_bike0008.png 0.7826253707827624 1054 835
2247_c6_bike0005.png 0.7819572560945254 909 429
3985_c5_motor0008.png 0.7795932428688799 891 77
3985_c4_motor0005.png 0.7776145277438729 911 483
4111_c5_motor0005.png 0.7762871874698479 887 144
3427_c5_bike0007.png 0.7759146052349774 1092 858
0187_c5_eletric0009.png 0.7754983004638522 896 367
1631_c4_bike0010.png 0.7754470758897893 1189 891
2567_c6_bike0001.png 0.7743716683589383 1320 893
2055_c6_bike0008.png 0.7743413032835095 897 390
3809_c5_motor0009.png 0.773368580823148 1059 845
4035_c5_motor0003.png 0.772782312996606 1048 842
3691_c1_motor0001.png 0.7723466722677903 1071 852
3649_c2_motor0001.png 0.7708642811638236 892 362
4459_c6_motor0002.png 0.7666286800823048 884 257
3713_c1_motor0002.png 0.7644009200500506 1267 902
3823_c3_motor0007.png 0.7621507361434277 1105 879
3641_c2_motor0007.png 0.7600292534168211 1223 908
0251_c5_eletric0010.png 0.7527563079954334 882 384
3925_c4_motor0002.png 0.7489606202537384 1390 918
0161_c4_eletric0002.png 0.7476705131813491 1398 920
2351_c5_bike0003.png 0.7460709717088883 866 78
0921_c4_bike0008.png 0.7456587587459323 990 825
3867_c5_motor0003.png 0.7452669637500698 867 165
3657_c1_motor0007.png 0.7447195975361826 1257 923
3669_c2_motor0005.png 0.7383775707325075 883 505
4493_c6_motor0007.png 0.7381356304220614 1242 931
2387_c5_bike0004.png 0.7373876198440469 1348 933
3209_c5_bike0007.png 0.7364463187973161 932 722
0921_c5_bike0006.png 0.7331042511712806 1384 937
3641_c1_motor0003.png 0.7317635004347551 1122 914
4541_c6_motor0006.png 0.7312948704425757 950 770
0289_c6_eletric0005.png 0.7306231722564853 1063 884
0257_c5_eletric0008.png 0.7286916655932151 858 41
3429_c5_bike0003.png 0.7277169742347299 857 115
3649_c1_motor0010.png 0.7274877592038539 931 727
0041_c3_eletric0009.png 0.7266727578532616 926 713
1725_c4_bike0003.png 0.7252808679728917 1187 944
2861_c5_bike0008.png 0.7246948670663382 877 545
2815_c5_bike0009.png 0.7239007227387406 929 728
3187_c6_bike0006.png 0.7233349235104647 859 365
2745_c6_bike0008.png 0.7209636349731301 851 84
3845_c5_motor0003.png 0.7199940115847518 850 154
0639_c3_bike0005.png 0.7195726113407674 849 159
1865_c4_bike0005.png 0.717040215121161 852 251
0019_c2_eletric0009.png 0.7154837768267894 1113 929
3055_c5_bike0002.png 0.7144562444270047 1134 943
3891_c5_motor0003.png 0.7104015708061848 873 601
2069_c5_bike0001.png 0.7081963172928556 1206 961
2223_c5_bike0007.png 0.7056746653463276 1118 942
3987_c5_motor0009.png 0.7052576561330166 870 608
1927_c5_bike0002.png 0.7024700583850911 976 851
0115_c4_eletric0002.png 0.7020792427411449 844 393
3925_c5_motor0001.png 0.700256216348898 1108 947
1043_c4_bike0009.png 0.6990283472880856 840 397
1503_c4_bike0009.png 0.6986954401052795 841 403
0197_c6_eletric0009.png 0.695076416094514 1216 971
0179_c4_eletric0006.png 0.6925161168563686 833 330
1373_c5_bike0003.png 0.6839980499373574 843 523
3741_c1_motor0002.png 0.6838309259840829 1243 984
3465_c1_bike0006.png 0.6832852881939642 1057 934
3493_c1_bike0002.png 0.6829293636255795 888 732
0313_c6_eletric0004.png 0.6827987179277168 1011 904
1583_c5_bike0002.png 0.6827551803070466 862 638
3911_c5_motor0005.png 0.6810146072723231 821 121
2397_c5_bike0010.png 0.6793478921745606 865 674
2015_c6_bike0008.png 0.6776614395726986 829 469
3399_c5_bike0010.png 0.6735238525872409 986 894
3767_c1_motor0002.png 0.6691586639167284 1094 963
0289_c5_eletric0002.png 0.6688987571744087 1144 987
3937_c4_motor0010.png 0.6673313614490085 1024 928
0319_c2_bike0003.png 0.6665707183944476 1349 999
4033_c5_motor0010.png 0.6639072331838461 1112 981
1393_c5_bike0002.png 0.66333186612594 839 610
1303_c5_bike0001.png 0.6633053059096314 874 721
3843_c5_motor0008.png 0.6627716790884541 881 742
2469_c6_bike0001.png 0.6625946933355141 817 382
1983_c4_bike0008.png 0.6625384816079011 903 785
4135_c5_motor0002.png 0.6617877223515405 835 593
0345_c2_bike0009.png 0.6611695007873685 825 525
0137_c5_eletric0001.png 0.6588854635020468 811 259
0497_c3_bike0008.png 0.658288138755396 1153 1006
4005_c4_motor0005.png 0.6575904634422339 1226 1007
4135_c4_motor0003.png 0.6566761116917706 806 192
4571_c6_motor0002.png 0.6550740460945448 916 814
1479_c4_bike0004.png 0.6514588207922607 1338 1012
2551_c5_bike0007.png 0.6503683317084957 890 787
1141_c5_bike0003.png 0.6457580186898313 798 135
3559_c1_bike0002.png 0.6442450564007776 864 743
4503_c6_motor0002.png 0.6439425460394458 797 37
0511_c5_bike0007.png 0.6407785087707607 958 883
0885_c4_bike0009.png 0.6403464567140207 1067 976
1525_c4_bike0010.png 0.6389934767684533 820 570
4489_c5_motor0005.png 0.6373646388083911 1158 1020
3751_c2_motor0003.png 0.6368695498875119 1082 986
4043_c4_motor0007.png 0.636524173812773 792 235
4475_c6_motor0001.png 0.6346072156757692 790 209
0133_c5_eletric0010.png 0.6343124072565542 1194 1024
3989_c5_motor0008.png 0.6336680067334917 1065 982
1821_c4_bike0008.png 0.631469621761718 1204 1026
4213_c4_motor0010.png 0.6311080165989363 809 534
3663_c2_motor0008.png 0.6303096085175238 815 591
0155_c5_eletric0001.png 0.6290057079887652 826 662
2729_c5_bike0007.png 0.6286546366364628 791 363
2055_c5_bike0010.png 0.628197612366132 801 492
3069_c5_bike0002.png 0.6273129157207371 1069 997
1383_c5_bike0008.png 0.6257155657864795 993 953
3155_c6_bike0001.png 0.6251508628142615 1306 1033
3217_c6_bike0001.png 0.6235389794704576 1034 978
2257_c5_bike0002.png 0.6233408566741899 1095 1004
3467_c1_bike0005.png 0.6203000305150842 1111 1016
1767_c5_bike0006.png 0.6197508878338238 853 753
1257_c4_bike0005.png 0.6188943950170582 822 672
1605_c4_bike0008.png 0.6171492702333947 855 759
1783_c4_bike0003.png 0.6168003712690106 832 705
1327_c4_bike0006.png 0.6159985539726531 842 737
4317_c6_motor0006.png 0.6158059812200725 1088 1011
1837_c5_bike0002.png 0.6151209037770753 796 522
2469_c5_bike0005.png 0.6142714666834436 781 253
0227_c5_eletric0010.png 0.6095894188074842 1148 1046
0639_c5_bike0009.png 0.6079987668775232 1117 1029
3323_c6_bike0005.png 0.6075810921955155 1029 992
0261_c6_eletric0002.png 0.6063036880519042 1151 1048
4575_c6_motor0005.png 0.6016430182652616 771 107
2133_c6_bike0010.png 0.5986542908930911 784 501
4499_c5_motor0006.png 0.5972719457298898 768 172
2789_c5_bike0002.png 0.5937390181572233 1004 993
0667_c5_bike0002.png 0.5924148291795351 1138 1049
3747_c1_motor0008.png 0.5916130035343814 1284 1057
0037_c3_eletric0008.png 0.5912863515798841 871 837
3499_c6_bike0002.png 0.5884057971014494 1172 1059
2499_c5_bike0003.png 0.5868451067899889 1261 1063
0343_c2_bike0005.png 0.5866658154239854 1101 1039
4427_c5_motor0005.png 0.5857326264894309 763 309
1793_c4_bike0002.png 0.583739103165787 1072 1027
1051_c4_bike0003.png 0.5818737758500423 773 509
3241_c5_bike0006.png 0.5816784325451552 982 975
3035_c6_bike0007.png 0.5810647388918198 856 813
1505_c4_bike0002.png 0.579055551838974 1028 1013
2861_c6_bike0003.png 0.5787044323447832 813 711
3751_c1_motor0001.png 0.5783871179107372 1185 1067
0777_c4_bike0009.png 0.5771638996429012 779 572
4009_c4_motor0003.png 0.5751536633076795 921 898
1407_c4_bike0009.png 0.5751318360105859 900 881
3741_c2_motor0006.png 0.5722180200915153 1098 1047
0957_c5_bike0002.png 0.57022928966324 787 650
1961_c4_bike0002.png 0.5700201542810308 793 683
0147_c4_eletric0002.png 0.5676265846276196 1266 1070
1617_c4_bike0001.png 0.565769434114209 1046 1034
4471_c6_motor0005.png 0.5648325321971628 1307 1071
2325_c6_bike0007.png 0.5643746063818096 1342 1072
1167_c4_bike0007.png 0.5642835647736275 847 822
1515_c5_bike0007.png 0.5641046864180702 765 542
0523_c5_bike0008.png 0.5621068875550409 868 857
4551_c1_motor0010.png 0.5607295412008566 823 786
0775_c4_bike0009.png 0.5532312705447632 769 616
0319_c1_bike0003.png 0.5528597006857876 1363 1075
3295_c5_bike0010.png 0.5523619663486804 1281 1076
0063_c4_eletric0008.png 0.5523244323547648 743 292
1203_c4_bike0001.png 0.5520631652852152 751 452
2247_c5_bike0001.png 0.5520297789975804 760 524
2589_c5_bike0008.png 0.5505057709203246 739 239
3595_c6_bike0010.png 0.5476743752070167 762 597
1909_c4_bike0005.png 0.5460463032615089 1301 1079
1319_c4_bike0003.png 0.5458841210428653 783 689
2759_c5_bike0010.png 0.545879366417124 948 967
3209_c6_bike0006.png 0.5453907307317151 1013 1035
3427_c6_bike0007.png 0.5446368190173918 1078 1058
1967_c4_bike0003.png 0.5433712225998044 1135 1074
0401_c3_bike0009.png 0.5421201220271448 761 606
0431_c2_bike0008.png 0.5412579861093856 1018 1041
3809_c3_motor0002.png 0.5412399999356522 886 900
1175_c4_bike0008.png 0.5399016512794497 964 996
3711_c1_motor0002.png 0.53916402351431 1132 1077
3973_c4_motor0010.png 0.5376688375536475 730 290
0523_c3_bike0007.png 0.5375260895724832 824 820
2551_c6_bike0005.png 0.5358565419719372 895 916
3421_c5_bike0010.png 0.5336031695312812 725 160
3663_c1_motor0007.png 0.5326844720215773 810 791
4087_c4_motor0010.png 0.5304710254677322 744 535
0751_c5_bike0005.png 0.5302899745080089 723 152
3769_c2_motor0005.png 0.528666536121519 770 685
0063_c5_eletric0002.png 0.5285048044370408 724 278
3967_c4_motor0007.png 0.5277776853943006 1386 1085
2567_c5_bike0008.png 0.5264810317941249 1191 1086
3721_c1_motor0003.png 0.5200267333730493 1379 1089
1529_c4_bike0007.png 0.5166121516304124 973 1021
2459_c6_bike0002.png 0.516283961876843 715 0
3949_c4_motor0009.png 0.5151753336999755 754 655
0269_c6_eletric0001.png 0.5139083064966457 782 751
4551_c6_motor0009.png 0.513404335655251 718 249
0187_c4_eletric0006.png 0.5131678833197025 971 1023
1877_c5_bike0006.png 0.5110213687410115 1041 1069
2893_c5_bike0005.png 0.5105046756739944 937 990
0219_c5_eletric0010.png 0.5082208309158663 1326 1096
3253_c6_bike0002.png 0.5018561766368783 786 780
0041_c5_eletric0001.png 0.5017101418744205 979 1044
2041_c6_bike0007.png 0.4996034516223944 736 622
0013_c2_eletric0003.png 0.4990630976509396 941 1003
3217_c5_bike0002.png 0.49878113405490687 1070 1080
1809_c5_bike0003.png 0.494562458246956 1164 1100
1063_c5_bike0006.png 0.4901630370690664 803 838
3429_c6_bike0005.png 0.4897004503649177 709 391
4271_c5_motor0010.png 0.4886280204770205 701 7
3721_c2_motor0008.png 0.4872247066734761 712 470
3827_c3_motor0006.png 0.4863300724930606 1205 1104
1175_c5_bike0004.png 0.48470954854602655 963 1036
0257_c6_eletric0001.png 0.4819958048921079 705 436
1261_c4_bike0002.png 0.4811031362188865 878 949
0033_c2_eletric0010.png 0.48032192258513584 816 863
0637_c3_bike0008.png 0.4785878043160622 861 924
0501_c5_bike0007.png 0.47741647577190616 1002 1073
1913_c5_bike0003.png 0.4737791817066537 692 214
1297_c4_bike0001.png 0.47220534752457277 938 1018
3181_c6_bike0010.png 0.4696762740183793 1166 1111
0613_c5_bike0003.png 0.46865495778923816 794 844
2745_c5_bike0006.png 0.4674698962024745 690 280
1959_c5_bike0005.png 0.4634014017961801 687 231
0331_c1_bike0003.png 0.46237733228063604 1344 1112
3767_c2_motor0010.png 0.4586681836681836 1293 1113
2313_c6_bike0008.png 0.4563348338951223 927 1019
1035_c4_bike0006.png 0.4553331067606931 691 482
3351_c6_bike0009.png 0.4550258374170209 827 903
1093_c4_bike0005.png 0.45165217530167323 682 345
2927_c5_bike0009.png 0.4507840353562594 706 614
0487_c5_bike0001.png 0.4505545189066311 731 730
0271_c6_eletric0009.png 0.44917672005250053 708 627
0901_c4_bike0005.png 0.44900778579783107 957 1054
2899_c5_bike0005.png 0.44471079529454843 686 467
0801_c4_bike0004.png 0.4441846846038867 716 687
1583_c4_bike0006.png 0.44382593499664186 683 444
0321_c1_bike0005.png 0.44172654509084175 956 1060
1481_c5_bike0006.png 0.4415731201755101 828 917
1445_c5_bike0006.png 0.44028083251115513 727 740
1145_c4_bike0003.png 0.4393421154046451 1076 1107
4389_c6_motor0005.png 0.4385857111243789 740 773
4425_c6_motor0005.png 0.4373456790123458 1270 1119
0979_c4_bike0006.png 0.43449450660318595 697 618
1971_c4_bike0006.png 0.4313567786607002 875 994
4009_c5_motor0008.png 0.4307755425402484 1373 1121
0163_c5_eletric0004.png 0.429289112546242 834 945
0621_c3_bike0006.png 0.42886811142518916 998 1091
0809_c4_bike0005.png 0.4278442265627253 738 776
1069_c5_bike0009.png 0.42778416720529966 880 998
3297_c5_bike0009.png 0.4257136817381413 666 34
4345_c5_motor0004.png 0.4232050616439077 741 796
3319_c5_bike0006.png 0.41859842524327495 812 912
0619_c5_bike0005.png 0.41763735517927975 907 1037
2499_c6_bike0010.png 0.4104052959408017 659 170
2529_c6_bike0008.png 0.40906432635379275 737 801
0671_c3_bike0005.png 0.4085950080515298 934 1068
0897_c4_bike0001.png 0.40775769653578176 1368 1132
1571_c5_bike0004.png 0.40754167283123693 678 613
3421_c6_bike0001.png 0.4075362979701682 719 761
0749_c5_bike0008.png 0.407363954129968 838 970
2359_c6_bike0003.png 0.40636863791841754 710 735
3099_c6_bike0002.png 0.4049319756718689 1091 1118
1667_c5_bike0007.png 0.4043895456864377 776 877
3155_c5_bike0008.png 0.40397692774741956 1176 1137
0543_c3_bike0010.png 0.40387521819781746 818 940
4255_c6_motor0003.png 0.40333304048423824 655 114
2319_c5_bike0002.png 0.40136521714647444 658 320
0775_c5_bike0004.png 0.4009833625513408 657 240
0113_c5_eletric0010.png 0.397971386807274 652 177
3759_c1_motor0005.png 0.3970695560550003 674 609
2001_c5_bike0001.png 0.39567134422206895 1128 1134
0137_c4_eletric0002.png 0.39506132835081886 660 453
0535_c3_bike0002.png 0.3941798292675485 837 983
4155_c5_motor0001.png 0.3931329164662498 902 1050
0219_c6_eletric0010.png 0.39101083978432655 647 226
0471_c2_bike0001.png 0.39000750357012043 648 321
3759_c2_motor0006.png 0.38960456433602214 679 669
3357_c5_bike0002.png 0.38819998005031864 720 793
3415_c5_bike0003.png 0.3866739155188735 912 1064
0083_c5_eletric0005.png 0.38543071783256394 651 422
3655_c1_motor0005.png 0.38477783730460147 983 1102
2623_c6_bike0006.png 0.3844198476370051 755 861
1767_c4_bike0007.png 0.3841715992108584 645 299
3169_c5_bike0003.png 0.38346571787432004 991 1109
3877_c4_motor0008.png 0.381731687335213 1077 1123
2133_c5_bike0004.png 0.3794136720268548 695 745
0465_c3_bike0006.png 0.3786892488184934 1109 1139
1703_c4_bike0006.png 0.3785988107115484 636 234
0115_c5_eletric0008.png 0.3782886816154908 635 223
1999_c4_bike0006.png 0.37798560062331643 830 989
2069_c6_bike0001.png 0.3779033636803573 663 585
1663_c4_bike0006.png 0.3714415316914197 758 878
0945_c5_bike0009.png 0.3705376595082477 984 1110
0619_c3_bike0001.png 0.36878018493192666 802 954
2893_c6_bike0006.png 0.3682349404272485 876 1045
1573_c5_bike0006.png 0.3680537520810692 893 1066
3655_c2_motor0003.png 0.36648557915215596 1383 1153
3843_c4_motor0007.png 0.3662506691017563 630 283
1793_c5_bike0008.png 0.36492848340799133 952 1094
2547_c5_bike0003.png 0.36477452286275824 1039 1122
1927_c4_bike0004.png 0.36303511169557806 672 698
3007_c6_bike0008.png 0.3628555234013279 700 777
0101_c4_eletric0005.png 0.36217835530759235 628 324
2379_c6_bike0007.png 0.3620438826977586 625 261
2739_c5_bike0004.png 0.35921136116223773 623 215
1577_c4_bike0009.png 0.35826951929108874 711 804
1231_c4_bike0003.png 0.3578366743983167 650 588
4541_c1_motor0006.png 0.35553987916090435 922 1078
4165_c4_motor0001.png 0.35439291082715585 728 854
4275_c6_motor0001.png 0.35270779817395304 649 607
2015_c5_bike0004.png 0.3515023449295751 965 1105
2985_c6_bike0004.png 0.35149473580948465 669 709
2805_c5_bike0008.png 0.35135462452620686 772 919
1529_c5_bike0001.png 0.3508549115918385 942 1095
1545_c4_bike0007.png 0.3498238916722265 640 567
2467_c5_bike0006.png 0.3497054594804577 800 968
0941_c5_bike0006.png 0.3485546258020158 804 973
0633_c5_bike0004.png 0.3467940372941414 846 1031
2221_c6_bike0004.png 0.34642812313920524 836 1017
3055_c6_bike0003.png 0.3434479056170133 667 718
1479_c5_bike0007.png 0.34218872441378845 1395 1161
0509_c3_bike0001.png 0.3414221567829956 746 892
0145_c4_eletric0002.png 0.3410911814667683 742 885
0117_c4_eletric0010.png 0.340650402214468 613 350
1239_c5_bike0007.png 0.3394491086397239 632 559
3569_c1_bike0001.png 0.33827315164891175 699 809
3355_c6_bike0004.png 0.33412680498351754 643 642
1085_c5_bike0004.png 0.33388611404141116 629 568
0407_c2_bike0007.png 0.3322142091749934 726 874
3395_c5_bike0009.png 0.33074428737903416 1245 1166
4255_c5_motor0010.png 0.3280315641139901 602 133
4545_c1_motor0006.png 0.32693007221895876 1085 1152
3815_c3_motor0003.png 0.3254538867204902 734 888
1237_c4_bike0008.png 0.32451566167869117 698 830
2917_c6_bike0005.png 0.3219604674284443 915 1090
3347_c5_bike0002.png 0.32171516754850094 1218 1169
3769_c1_motor0002.png 0.3216013071895425 1252 1170
1383_c4_bike0003.png 0.3214111158732307 598 265
4353_c6_motor0003.png 0.32023212355484576 778 962
3181_c5_bike0003.png 0.32003660296343217 1345 1171
1551_c4_bike0007.png 0.31964221563673206 641 680
4297_c5_motor0004.png 0.31717318763798363 591 147
0039_c5_eletric0001.png 0.3170922106610513 1201 1172
4269_c6_motor0003.png 0.3170706102794607 590 56
3109_c5_bike0010.png 0.31446386754504074 626 637
0033_c3_eletric0004.png 0.3136078790490556 1017 1144
4415_c5_motor0009.png 0.31135412400521645 1155 1178
4167_c4_motor0008.png 0.3112694404361071 905 1092
0543_c5_bike0008.png 0.31098498666532953 614 581
0415_c3_bike0008.png 0.3109021478423293 1033 1150
3491_c1_bike0008.png 0.3104694360013509 1244 1179
4449_c6_motor0007.png 0.3091539173410518 1272 1180
4407_c6_motor0009.png 0.30729931014067147 585 155
4465_c5_motor0002.png 0.3068125738985173 593 451
1909_c5_bike0004.png 0.3051762274226042 985 1136
1035_c5_bike0006.png 0.30340406502897405 608 538
0751_c4_bike0002.png 0.30308797569338364 1233 1184
3805_c5_motor0004.png 0.301269001908388 759 950
3977_c4_motor0007.png 0.3002692613559579 587 371
2459_c5_bike0010.png 0.2983882710381457 872 1082
1561_c5_bike0010.png 0.29772281408358836 767 969
1505_c5_bike0006.png 0.2962920803931235 661 772
0945_c4_bike0005.png 0.2962761146088762 607 571
2987_c5_bike0001.png 0.29522734895780356 596 526
1633_c4_bike0009.png 0.29461103472709826 676 823
1067_c5_bike0001.png 0.29401908911712826 996 1146
0147_c5_eletric0001.png 0.29147350705528086 1335 1194
1387_c5_bike0009.png 0.28997091780001716 1318 1195
4155_c4_motor0004.png 0.28992873201140074 605 596
1363_c4_bike0002.png 0.2884753365115927 592 532
1975_c5_bike0002.png 0.2880872214205549 1119 1181
3211_c6_bike0002.png 0.28803847703624724 634 720
2833_c5_bike0010.png 0.2874872416249273 597 566
2505_c6_bike0001.png 0.2852678110197415 717 899
4273_c6_motor0002.png 0.2850943787148835 569 40
2029_c5_bike0003.png 0.28442280904091083 617 690
2057_c6_bike0004.png 0.28402402607502664 675 833
0621_c5_bike0001.png 0.28221647235471004 685 849
0787_c4_bike0003.png 0.28172902039556047 576 407
3317_c5_bike0004.png 0.28116491059803517 1097 1173
3347_c6_bike0008.png 0.28036130536130544 1167 1198
2029_c6_bike0006.png 0.27948872753585563 732 938
0445_c2_bike0010.png 0.2769606432943579 588 551
4073_c5_motor0001.png 0.276331681757295 561 9
1699_c4_bike0009.png 0.27621014510318076 654 784
1051_c5_bike0004.png 0.27416969283338094 559 42
2043_c6_bike0006.png 0.27381034229480494 1022 1156
1999_c5_bike0008.png 0.27354430548874986 901 1108
3493_c6_bike0002.png 0.2723019173999567 1023 1160
3187_c5_bike0004.png 0.27201396053855076 1303 1204
3415_c6_bike0003.png 0.27046377863984217 928 1114
0607_c3_bike0006.png 0.2686500159136975 1104 1186
3383_c5_bike0001.png 0.26707495807484555 564 383
2077_c6_bike0007.png 0.26616443884025764 1036 1167
4425_c5_motor0002.png 0.2661426455286102 1114 1196
1241_c4_bike0003.png 0.26382882217649434 621 741
3805_c3_motor0006.png 0.26373740985756 1246 1208
3033_c6_bike0007.png 0.2629587573093828 553 109
0123_c5_eletric0004.png 0.26264086089155936 572 504
2865_c5_bike0010.png 0.2621517449758766 789 1032
0535_c5_bike0009.png 0.2609020609020609 1075 1182
2591_c5_bike0003.png 0.2607599380158757 551 188
3179_c6_bike0007.png 0.25969629807760797 684 873
1587_c4_bike0004.png 0.2589021607429667 947 1131
1763_c5_bike0007.png 0.25792137806435533 1253 1210
3595_c1_bike0010.png 0.25747148195211694 548 182
0607_c5_bike0003.png 0.2571901065342819 579 604
0821_c4_bike0002.png 0.2564176439224836 546 185
4181_c4_motor0003.png 0.25640479038996916 620 752
1733_c4_bike0006.png 0.25550113466780133 747 979
0975_c4_bike0004.png 0.2549250238641159 554 398
2677_c5_bike0006.png 0.2533162058409686 542 242
2101_c5_bike0006.png 0.2527441088835075 537 19
2379_c5_bike0005.png 0.25163084104689726 534 66
2041_c5_bike0003.png 0.25113910048483273 573 580
4181_c5_motor0005.png 0.2503492829854153 788 1042
3445_c1_bike0007.png 0.2491040657302681 552 425
0409_c3_bike0001.png 0.24784315029766857 1269 1211
1225_c4_bike0003.png 0.24636839973768063 536 287
3735_c1_motor0002.png 0.24301758847213395 1174 1213
0565_c5_bike0008.png 0.24120266998160167 644 815
3937_c5_motor0006.png 0.24090708674042005 1180 1215
4125_c5_motor0001.png 0.24030074953099112 535 395
3007_c5_bike0002.png 0.2390897073420099 541 456
4081_c5_motor0010.png 0.238036380372593 528 354
2101_c6_bike0001.png 0.23550997749465571 518 53
1783_c5_bike0004.png 0.23467039494843922 601 729
0749_c4_bike0007.png 0.23427452177452168 1080 1199
0163_c4_eletric0002.png 0.23301274478614645 566 625
1397_c4_bike0005.png 0.22917370957985111 631 807
4005_c5_motor0007.png 0.22900001233334577 1035 1191
2529_c5_bike0002.png 0.2282879637263403 507 171
2343_c5_bike0003.png 0.22753193111515763 533 495
1093_c5_bike0006.png 0.2263973885392609 565 634
2125_c6_bike0004.png 0.22617050843273853 624 799
4395_c6_motor0004.png 0.22406965423515546 510 294
1941_c4_bike0007.png 0.22375381708771297 513 328
3465_c6_bike0001.png 0.2236415617786569 575 681
1633_c5_bike0002.png 0.22314253728395272 615 790
2925_c5_bike0007.png 0.22154207064408526 696 932
2869_c6_bike0003.png 0.22134023362984068 1391 1222
0509_c5_bike0001.png 0.2213064713064713 1219 1223
0885_c5_bike0009.png 0.21934101922056376 515 405
4073_c4_motor0007.png 0.21855049273193394 544 575
3451_c1_bike0002.png 0.21744865094008448 543 582
1187_c4_bike0009.png 0.21705161945808288 511 410
3977_c5_motor0003.png 0.21477241231368044 495 319
1019_c4_bike0004.png 0.21423400738460402 538 587
2891_c6_bike0008.png 0.21419674617672696 527 530
0729_c5_bike0010.png 0.21371919590021263 496 385
2873_c6_bike0007.png 0.21245029097141765 1127 1218
4363_c6_motor0003.png 0.21225690538429787 1121 1219
1385_c4_bike0001.png 0.21148808125552299 1190 1230
3719_c1_motor0006.png 0.2111267402109445 498 434
2541_c5_bike0010.png 0.21095088702615594 1055 1207
1879_c4_bike0008.png 0.21079155210864023 519 508
0905_c4_bike0007.png 0.20974520619910697 1292 1231
1701_c5_bike0007.png 0.2088929588929589 1159 1232
3727_c1_motor0004.png 0.20878804469482537 1096 1214
2943_c6_bike0002.png 0.20820688812786514 906 1130
0313_c1_eletric0003.png 0.2070526573099805 646 855
0613_c3_bike0010.png 0.205333757930234 939 1151
4069_c5_motor0009.png 0.2050330970386275 943 1154
3823_c5_motor0006.png 0.20487636112021557 1171 1233
3897_c5_motor0002.png 0.2038161774004525 611 797
2671_c5_bike0006.png 0.20323220549027635 473 112
0335_c2_bike0007.png 0.20186359721243463 988 1185
3669_c1_motor0006.png 0.2003954076958201 509 527
2925_c6_bike0007.png 0.19879701772374503 604 795
0671_c5_bike0009.png 0.19834855594659528 1020 1203
0157_c4_eletric0001.png 0.19794250667662627 1000 1197
1345_c4_bike0010.png 0.19734728224360326 549 665
2123_c6_bike0008.png 0.19505926521923891 503 548
1971_c5_bike0004.png 0.19379699248120308 1203 1238
2385_c6_bike0010.png 0.1934446148859318 479 447
2121_c6_bike0002.png 0.1929797471162874 466 210
0167_c5_eletric0007.png 0.19274510796698596 879 1120
1231_c5_bike0006.png 0.1924285681776001 474 420
1111_c5_bike0006.png 0.19203101030906272 489 491
3815_c5_motor0002.png 0.19180082070707072 1184 1244
1765_c5_bike0010.png 0.1915868775035854 459 169
3825_c3_motor0006.png 0.19141925415368177 899 1138
2725_c5_bike0008.png 0.1913131635772004 581 763
1983_c5_bike0003.png 0.19100019401419438 480 471
1789_c4_bike0010.png 0.19058225724892386 750 1040
1469_c4_bike0010.png 0.18995500720561453 499 563
3431_c5_bike0007.png 0.18987925654592308 1110 1228
4449_c5_motor0008.png 0.1894572041438881 1394 1245
3569_c6_bike0006.png 0.18829402258466332 555 700
4567_c6_motor0004.png 0.1871713996965754 460 300
1201_c5_bike0008.png 0.1866841652365275 524 644
2121_c5_bike0002.png 0.18618154816178484 449 123
3423_c6_bike0003.png 0.18480958053492197 458 339
0799_c4_bike0008.png 0.18309000978804596 445 94
4489_c6_motor0006.png 0.18294372294372296 1280 1247
1503_c5_bike0002.png 0.18183874697802255 502 612
0511_c3_bike0008.png 0.18052269854315 550 701
1699_c5_bike0005.png 0.17956637290531813 438 61
0445_c3_bike0003.png 0.17858087947236387 457 426
3645_c1_motor0004.png 0.17843997581143164 478 531
3867_c4_motor0006.png 0.1772794324221016 435 173
3577_c1_bike0003.png 0.1767637020630961 805 1093
0979_c5_bike0007.png 0.17599076238137126 610 834
0589_c3_bike0002.png 0.17557519429115337 814 1098
3205_c6_bike0006.png 0.17507421304281967 500 633
4421_c6_motor0006.png 0.1747654337641924 437 258
3101_c6_bike0005.png 0.17467948717948723 1299 1251
2115_c5_bike0009.png 0.17447045016574383 434 225
4125_c4_motor0008.png 0.1744428913683547 514 652
2335_c5_bike0004.png 0.1743159455160289 580 788
1729_c4_bike0001.png 0.1731032369190264 693 974
2621_c5_bike0010.png 0.17208907254361805 1123 1243
3719_c2_motor0008.png 0.17189771024843922 433 252
0781_c5_bike0005.png 0.17114041393537602 452 462
1019_c5_bike0004.png 0.16995040797848732 467 512
4321_c5_motor0003.png 0.16931704809834808 424 213
1213_c4_bike0006.png 0.16813486823390622 1015 1212
0747_c5_bike0010.png 0.1663384487528284 431 352
3571_c6_bike0007.png 0.16601861101861093 953 1176
2125_c5_bike0001.png 0.16572665831070219 450 486
0157_c5_eletric0009.png 0.16537961713400307 1312 1252
3531_c6_bike0001.png 0.16537515679672532 1064 1227
4523_c5_motor0005.png 0.16519662018196302 430 359
0501_c3_bike0007.png 0.16359220701325972 1038 1220
3645_c2_motor0005.png 0.1633154098856942 540 726
1043_c5_bike0002.png 0.16238746445882593 485 626
0959_c4_bike0002.png 0.16234361297146274 422 355
0809_c5_bike0003.png 0.15999309202204798 523 704
2129_c6_bike0005.png 0.1598927226120208 748 1056
2867_c5_bike0010.png 0.15630185440329297 721 1025
3699_c2_motor0009.png 0.15612503275686967 704 1005
4325_c6_motor0001.png 0.15603357805103296 589 826
2343_c6_bike0004.png 0.15532307365256523 469 589
1617_c5_bike0007.png 0.15529178602953492 512 692
1729_c5_bike0002.png 0.1550656208827298 475 630
3081_c6_bike0007.png 0.15275562095892242 421 454
2557_c5_bike0009.png 0.15251070549459583 529 734
1745_c5_bike0003.png 0.1516363810481458 1130 1253
0957_c4_bike0002.png 0.15141153393372428 476 645
2057_c5_bike0010.png 0.15025129688770786 406 198
1145_c5_bike0002.png 0.14969456469456466 1397 1254
1667_c4_bike0010.png 0.14886263975813807 785 1088
2589_c6_bike0009.png 0.14850751370625834 423 496
2937_c5_bike0010.png 0.14850427350427353 1258 1255
1477_c4_bike0008.png 0.14848745577686756 403 224
0777_c5_bike0002.png 0.14840335073079786 665 946
3691_c2_motor0008.png 0.14828042328042335 1259 1256
1561_c4_bike0002.png 0.1473873614879337 461 611
0197_c5_eletric0010.png 0.14724331329772766 936 1175
1425_c4_bike0008.png 0.14710530912799538 442 553
2443_c5_bike0009.png 0.14673447762394093 637 905
3033_c5_bike0009.png 0.14606837874829184 394 14
2789_c6_bike0005.png 0.14499357401565616 1228 1258
1053_c5_bike0006.png 0.1431495506458946 487 682
0811_c4_bike0008.png 0.1431289378327594 396 206
0173_c4_eletric0001.png 0.1424267409398546 389 43
3451_c6_bike0001.png 0.14222553298425902 388 8
2993_c6_bike0003.png 0.1421572177214665 444 586
2547_c6_bike0008.png 0.1421171640727884 860 1135
0039_c3_eletric0005.png 0.14167350441860238 1388 1260
0747_c4_bike0009.png 0.14082077781038313 639 911
2053_c6_bike0003.png 0.14077420489495837 619 887
0821_c5_bike0002.png 0.1402991522216043 392 273
4165_c5_motor0005.png 0.13954563713501478 516 724
2869_c5_bike0001.png 0.13947914888775104 1260 1262
1111_c4_bike0004.png 0.13851426755965737 419 520
1319_c5_bike0008.png 0.13841979865801035 404 419
2601_c5_bike0005.png 0.13795313237698575 387 228
2569_c6_bike0003.png 0.13794231348960595 411 468
2331_c6_bike0004.png 0.13704106522746595 407 440
2927_c6_bike0003.png 0.13676854295713908 497 717
4343_c5_motor0009.png 0.13600540624198615 470 676
3169_c6_bike0001.png 0.13489469862018877 1381 1264
2659_c6_bike0005.png 0.13481887128214692 490 707
0193_c5_eletric0003.png 0.13377162407350168 664 959
2937_c6_bike0007.png 0.13240740740740753 1323 1265
3949_c5_motor0001.png 0.13226142712901684 463 661
4325_c5_motor0005.png 0.1305588591664933 441 628
0321_c2_bike0006.png 0.12991622574955908 1317 1267
1551_c5_bike0003.png 0.12989201010046303 714 1043
1047_c5_bike0010.png 0.1279968324045931 420 595
0787_c5_bike0003.png 0.12692804353154571 545 792
3615_c1_bike0009.png 0.12652304606552967 889 1158
1239_c4_bike0010.png 0.12581078116110203 376 285
4431_c6_motor0009.png 0.1256201626218551 371 195
1509_c4_bike0008.png 0.12497586724317833 414 574
1381_c5_bike0003.png 0.12489869868402445 372 218
0475_c2_bike0010.png 0.12488069301794791 863 1147
1573_c4_bike0003.png 0.12474018347848498 766 1087
2923_c6_bike0006.png 0.12434064249115262 531 779
3995_c5_motor0009.png 0.12425407791764864 673 985
3081_c5_bike0009.png 0.12291521246478676 413 579
0893_c4_bike0006.png 0.12212780081722796 1012 1235
4345_c6_motor0009.png 0.12140360880439283 417 598
0431_c3_bike0008.png 0.12038748791650832 440 657
0605_c3_bike0001.png 0.12010356823427087 436 654
2597_c6_bike0010.png 0.11949555510681004 366 207
0255_c6_eletric0005.png 0.11879997521729305 382 464
3863_c4_motor0003.png 0.11852549464218086 364 91
1237_c5_bike0007.png 0.11840796019900501 1316 1270
1493_c5_bike0009.png 0.11834215167548501 1399 1271
3423_c5_bike0004.png 0.11706629805393562 377 438
0959_c5_bike0004.png 0.11693491966620326 400 546
0599_c3_bike0005.png 0.11674365895013683 1032 1246
4523_c6_motor0009.png 0.11661057008091057 360 18
2773_c5_bike0005.png 0.11642041724919658 361 70
2221_c5_bike0003.png 0.11414846868821707 358 111
2815_c6_bike0001.png 0.11326413048604039 373 432
3697_c1_motor0008.png 0.11321869488536151 1209 1275
1829_c5_bike0005.png 0.11223577793403197 398 564
2751_c5_bike0003.png 0.11058340662562294 1361 1278
3269_c5_bike0001.png 0.11054994388327721 1249 1279
0271_c5_eletric0001.png 0.1103642851215666 1196 1280
3433_c6_bike0009.png 0.1092529135514875 345 4
4321_c6_motor0003.png 0.10912276879608539 356 248
0109_c5_eletric0008.png 0.10873015873015868 1305 1282
1193_c5_bike0009.png 0.10870726495726502 1291 1283
1509_c5_bike0001.png 0.10840343907683746 405 603
1663_c5_bike0003.png 0.10789190571248165 346 168
2129_c5_bike0006.png 0.10783270368044975 577 860
2309_c5_bike0002.png 0.10760914328077827 351 237
3357_c6_bike0007.png 0.10755463965473655 393 569
0357_c2_bike0006.png 0.10702917983918436 689 1022
1507_c5_bike0002.png 0.1062117107980575 355 312
0981_c4_bike0002.png 0.10384966217963411 375 515
3735_c2_motor0005.png 0.10384615384615381 1359 1287
1849_c4_bike0004.png 0.10343932772431842 336 54
2153_c6_bike0002.png 0.10313510497298484 432 686
3747_c2_motor0002.png 0.10305034471701136 1282 1289
3179_c5_bike0009.png 0.10241160379133185 933 1205
0125_c4_eletric0006.png 0.10220889150593931 584 875
4147_c4_motor0010.png 0.10162844936190162 329 3
0077_c5_eletric0002.png 0.10155794402391177 330 47
1303_c4_bike0008.png 0.10140099503621369 612 906
4503_c5_motor0003.png 0.10120591465717822 359 417
0291_c6_eletric0009.png 0.10090702947845798 1231 1290
3671_c2_motor0005.png 0.10064265212914537 332 178
0647_c3_bike0010.png 0.1000975838822375 340 288
1345_c5_bike0003.png 0.09924811306191297 365 484
2773_c6_bike0007.png 0.09885105483155775 326 85
1703_c5_bike0007.png 0.09875252616786094 328 150
3535_c1_bike0003.png 0.09504489337822686 1073 1261
1595_c5_bike0002.png 0.09425993763486998 385 605
1289_c4_bike0007.png 0.09407563787918931 353 458
2959_c5_bike0002.png 0.09386741814278055 1321 1292
2153_c5_bike0005.png 0.09362885766416779 471 755
2279_c6_bike0005.png 0.09362574151099222 343 418
4565_c6_motor0009.png 0.09325396825396837 1221 1293
2301_c5_bike0003.png 0.09322077003569883 352 465
4567_c1_motor0005.png 0.0930678425901033 357 478
3467_c6_bike0005.png 0.09280303030303039 1322 1294
0009_c2_eletric0006.png 0.09280303030303039 1255 1295
4281_c5_motor0010.png 0.09280166028746972 668 1010
1627_c5_bike0008.png 0.09271184409300486 320 230
3009_c5_bike0006.png 0.09166666666666656 1296 1296
1063_c4_bike0010.png 0.09138157431908267 733 1081
2357_c5_bike0004.png 0.09080050521625914 317 245
1665_c4_bike0001.png 0.08930566198382295 923 1200
0951_c4_bike0008.png 0.08632919017154542 319 375
2833_c6_bike0009.png 0.08618649376802061 327 411
4069_c4_motor0006.png 0.08617216117216131 1339 1300
1627_c4_bike0006.png 0.0860191107728161 322 394
0255_c5_eletric0006.png 0.08552592623164415 311 232
3897_c4_motor0004.png 0.08395992843416382 303 191
1477_c5_bike0005.png 0.08375714339291782 315 366
1327_c5_bike0010.png 0.0836009000147417 316 387
2705_c6_bike0004.png 0.08249334264173497 324 441
1369_c4_bike0006.png 0.0824495693042657 344 507
2985_c5_bike0006.png 0.08220107187008718 362 561
0801_c5_bike0008.png 0.0819319613126093 468 768
2335_c6_bike0005.png 0.0817428089756333 378 639
0317_c1_eletric0005.png 0.08159885600824111 297 119
0633_c3_bike0001.png 0.08082812249478899 1319 1303
1387_c4_bike0001.png 0.08082812249478899 1353 1304
0335_c1_bike0006.png 0.08006367264802106 898 1192
1765_c4_bike0002.png 0.08004766206186134 325 460
1257_c5_bike0003.png 0.08003054059164243 427 725
0145_c5_eletric0006.png 0.07936748214027922 521 828
2297_c6_bike0002.png 0.07931763306598527 302 304
1469_c5_bike0005.png 0.0791613975168532 306 360
2489_c6_bike0005.png 0.07885304659498216 1229 1306
0179_c5_eletric0008.png 0.07798803328347848 756 1099
2477_c6_bike0008.png 0.07791925282168985 300 310
3967_c5_motor0004.png 0.07777777777777772 1240 1307
3671_c1_motor0005.png 0.07741300220095841 331 502
0827_c4_bike0002.png 0.07720317048728058 301 351
2035_c5_bike0008.png 0.07711454701289999 819 1141
3327_c5_bike0002.png 0.07671957671957685 1393 1308
1961_c5_bike0002.png 0.07648487633508677 616 951
2077_c5_bike0009.png 0.0761289670414117 807 1129
3277_c6_bike0003.png 0.073148519310427 410 706
2805_c6_bike0005.png 0.0728730434288663 506 827
0407_c3_bike0005.png 0.07247048063030839 349 573
2145_c6_bike0004.png 0.07197129990657952 298 386
3153_c6_bike0003.png 0.07173721340388006 1230 1311
4283_c6_motor0009.png 0.07171813552893351 439 756
4565_c1_motor0001.png 0.07111111111111112 1169 1312
3211_c5_bike0010.png 0.07044760907257266 308 461
0811_c5_bike0001.png 0.07032042930681288 287 176
3849_c5_motor0003.png 0.0700591297341339 380 670
4271_c6_motor0008.png 0.06995087092688264 284 72
3269_c6_bike0004.png 0.06988536155202807 1346 1315
3863_c5_motor0009.png 0.06950307866959549 285 149
0471_c3_bike0010.png 0.06927128427128415 1043 1266
1481_c4_bike0002.png 0.06902996312869031 494 821
2255_c6_bike0008.png 0.06871610597100786 854 1162
2505_c5_bike0004.png 0.06848072535740331 429 754
0497_c5_bike0005.png 0.0679012345679012 1350 1316
2025_c5_bike0005.png 0.06765246178497371 288 255
0951_c5_bike0001.png 0.06689994896767203 278 118
1443_c5_bike0002.png 0.06648640022511776 363 635
1365_c4_bike0008.png 0.06601136552936528 283 238
2293_c5_bike0005.png 0.06449456531764992 270 122
0375_c3_bike0004.png 0.06351101595273202 381 688
3309_c5_bike0006.png 0.06337965376675768 264 17
4355_c5_motor0003.png 0.06223997808344648 263 98
2145_c5_bike0005.png 0.06217962006642503 260 21
3433_c5_bike0005.png 0.06210783983611581 291 408
0683_c5_bike0001.png 0.06190476190476191 1355 1318
4013_c5_motor0004.png 0.061589496106790056 269 220
2581_c5_bike0007.png 0.06142267417504465 265 175
1539_c4_bike0003.png 0.06129445443951442 472 802
2867_c6_bike0004.png 0.06099700001064303 255 25
2739_c6_bike0004.png 0.06082320937898307 254 29
4561_c1_motor0007.png 0.06054060940947065 296 487
2287_c6_bike0007.png 0.06015008824214367 268 247
4571_c1_motor0010.png 0.05942945109611775 999 1257
0345_c1_bike0003.png 0.05927449081129792 276 336
1167_c5_bike0001.png 0.05889007828284458 367 667
2331_c5_bike0006.png 0.058528061783326785 310 533
0577_c5_bike0009.png 0.05808080808080818 1207 1319
0605_c5_bike0006.png 0.05699030453932419 808 1143
1225_c5_bike0006.png 0.05631689875203081 253 243
0675_c5_bike0007.png 0.056313131313131426 1183 1321
1747_c5_bike0003.png 0.056283323322051 273 370
2623_c5_bike0002.png 0.055907154791620804 272 372
1613_c4_bike0009.png 0.055417224209204266 252 241
0845_c4_bike0007.png 0.05475148170724219 244 183
3355_c5_bike0005.png 0.054575869692827315 318 584
1507_c4_bike0006.png 0.05411125923724991 248 236
0735_c4_bike0008.png 0.053634801484877204 578 913
0183_c4_eletric0004.png 0.05333529184152077 241 187
0455_c2_bike0002.png 0.05321869488536157 1343 1322
3531_c1_bike0006.png 0.05321869488536157 1265 1324
0827_c5_bike0010.png 0.053031340801883105 257 343
1321_c4_bike0002.png 0.05213170435236138 286 463
4145_c4_motor0009.png 0.05194733548539465 415 762
0845_c5_bike0003.png 0.05185640937241127 236 161
1419_c4_bike0004.png 0.05178645647459271 271 415
1525_c5_bike0006.png 0.051025777826945964 251 340
4495_c5_motor0003.png 0.050777132409254425 227 76
1991_c4_bike0007.png 0.050755720891010214 642 1002
1415_c5_bike0004.png 0.05053904876099011 250 349
2625_c5_bike0004.png 0.05025936300446121 1056 1286
1913_c4_bike0002.png 0.05015975384176354 239 233
3435_c6_bike0003.png 0.04999999999999993 1352 1325
0949_c4_bike0008.png 0.049784225914120496 231 194
3849_c4_motor0002.png 0.04919924391177779 247 356
2309_c6_bike0005.png 0.048908698065330714 262 412
1521_c4_bike0003.png 0.04871966662474013 299 560
0731_c4_bike0003.png 0.047412472123276095 448 800
1297_c5_bike0006.png 0.04683235867446378 1021 1269
3401_c6_bike0001.png 0.04676497756317577 213 15
1877_c4_bike0003.png 0.0465158661998891 232 289
1213_c5_bike0007.png 0.04643658810325468 1311 1326
1203_c5_bike0001.png 0.04629740449365008 455 808
3203_c6_bike0008.png 0.04611542439433958 220 157
1199_c4_bike0002.png 0.04554078099020781 223 203
4543_c1_motor0004.png 0.04550563205858671 935 1229
3825_c5_motor0005.png 0.045274738194938324 627 995
0323_c2_bike0006.png 0.0447463300820344 210 129
3511_c1_bike0002.png 0.04450360201126517 221 217
0843_c4_bike0006.png 0.04444444444444451 1162 1327
3267_c6_bike0005.png 0.04401179299951753 206 71
4381_c5_motor0005.png 0.04365799940404161 237 376
0077_c4_eletric0008.png 0.043169015899248986 202 26
2131_c5_bike0002.png 0.04248780531476443 201 81
0657_c3_bike0004.png 0.042424242424242475 1283 1328
2357_c6_bike0001.png 0.0415758741521502 214 268
1421_c4_bike0009.png 0.041102121637816486 333 660
2569_c5_bike0006.png 0.04095062347547701 219 301
1461_c4_bike0003.png 0.04080835011826703 246 446
4465_c6_motor0007.png 0.04038947607389118 293 583
1365_c5_bike0001.png 0.04031920541106481 216 305
3911_c4_motor0005.png 0.039954570892878516 622 991
3537_c1_bike0004.png 0.039682539682539764 1262 1329
1385_c5_bike0009.png 0.039682539682539764 1334 1330
1955_c5_bike0003.png 0.03959294388209444 230 401
2639_c5_bike0009.png 0.03959259367906219 312 629
4379_c5_motor0004.png 0.03948665566968743 200 219
3995_c4_motor0008.png 0.03933312660716595 307 620
2293_c6_bike0006.png 0.03805343558553177 194 146
3727_c2_motor0001.png 0.037879570433529464 482 846
0609_c5_bike0004.png 0.03761892661263733 925 1221
4495_c6_motor0010.png 0.0365991059252309 261 506
1685_c5_bike0010.png 0.03625152962174151 212 378
0781_c4_bike0007.png 0.036158008115919175 211 373
0357_c1_bike0008.png 0.03599815432650255 848 1174
2405_c5_bike0006.png 0.03589485644684952 277 537
0831_c5_bike0004.png 0.03578546615827316 556 901
2779_c6_bike0006.png 0.03568477477901651 182 88
2639_c6_bike0008.png 0.03566130407289626 249 497
0371_c2_bike0002.png 0.03561854120179145 532 882
3351_c5_bike0009.png 0.035163024822860364 203 331
0731_c5_bike0007.png 0.034391965505965585 222 414
2553_c5_bike0005.png 0.03404922705549075 192 260
0799_c5_bike0007.png 0.033844762455077365 198 337
0117_c5_eletric0006.png 0.03378397266869791 215 406
2043_c5_bike0001.png 0.033774250440917086 1047 1297
2025_c6_bike0009.png 0.03314071190454852 294 619
4431_c5_motor0004.png 0.03300133763229915 175 97
4343_c6_motor0004.png 0.03169854401970258 399 774
3431_c6_bike0008.png 0.031585785390133125 845 1177
4379_c6_motor0010.png 0.03128356966530734 172 163
0317_c6_eletric0001.png 0.03124011601516185 187 295
3229_c6_bike0005.png 0.03065360934089104 178 221
2009_c6_bike0004.png 0.030640230038090632 702 1084
2135_c5_bike0001.png 0.03032846591269981 195 361
4381_c6_motor0004.png 0.03003679091655267 163 1
2385_c5_bike0003.png 0.029501579232712495 259 544
1671_c5_bike0007.png 0.029072621810883194 209 445
1425_c5_bike0009.png 0.028805516660337357 191 369
1789_c5_bike0003.png 0.028801447007778758 606 972
3991_c5_motor0005.png 0.028624955612927827 162 117
0949_c5_bike0008.png 0.028413024557102734 155 13
2249_c6_bike0003.png 0.028381138030260766 1025 1291
3277_c5_bike0005.png 0.028295004865232884 341 696
1199_c5_bike0007.png 0.02793352699140738 180 325
0661_c5_bike0001.png 0.02777777777777779 1211 1335
4161_c5_motor0005.png 0.02756474153477962 179 323
2123_c5_bike0010.png 0.02743326365082239 295 643
4283_c5_motor0004.png 0.027238440534547277 234 510
1929_c4_bike0008.png 0.027162942569078537 169 267
3533_c6_bike0001.png 0.027019287901151212 348 708
4389_c5_motor0001.png 0.026870934338161668 149 16
0123_c4_eletric0002.png 0.026297485249846403 176 318
1577_c5_bike0007.png 0.025701229992052897 167 272
1975_c4_bike0009.png 0.02565451308964592 446 831
3941_c5_motor0003.png 0.025014739847315958 146 128
2875_c5_bike0003.png 0.02494988969970686 152 197
3457_c1_bike0009.png 0.024879985225626965 144 108
2389_c6_bike0001.png 0.024763900949020062 138 24
2641_c6_bike0007.png 0.024021304706363957 161 275
2747_c6_bike0010.png 0.023650297707545953 347 710
2037_c5_bike0004.png 0.023363772722470335 140 174
1685_c4_bike0006.png 0.023345376369446627 136 89
3511_c6_bike0007.png 0.023247524656114568 156 264
2279_c5_bike0009.png 0.023097499403893093 135 104
3479_c1_bike0010.png 0.023071309718475014 131 63
1613_c5_bike0001.png 0.022879676756193804 127 30
4021_c5_motor0008.png 0.022789349986654498 129 59
4043_c5_motor0008.png 0.022627230010347804 525 886
1023_c4_bike0005.png 0.02261266772025011 193 442
4561_c6_motor0003.png 0.022439090822894907 245 557
2597_c5_bike0002.png 0.022277858569922572 171 381
2671_c6_bike0004.png 0.022259791813322573 184 423
1357_c4_bike0010.png 0.022113085849294407 154 277
1963_c5_bike0001.png 0.02171666510966068 335 703
0323_c1_bike0006.png 0.021542428255428077 158 313
4021_c4_motor0003.png 0.021460759953446863 125 102
0247_c5_eletric0008.png 0.02137310885532719 150 286
3581_c1_bike0002.png 0.021271206884102653 321 694
3573_c1_bike0001.png 0.02110861199035821 134 199
1381_c4_bike0003.png 0.020603417828319672 183 439
3295_c6_bike0009.png 0.02020202020202022 1328 1337
0521_c5_bike0008.png 0.02020202020202022 1192 1338
3435_c1_bike0001.png 0.02020202020202022 1256 1339
0675_c3_bike0010.png 0.02020202020202022 1213 1340
1807_c4_bike0002.png 0.02020202020202022 1366 1341
3387_c6_bike0007.png 0.020093430995418785 153 322
1321_c5_bike0007.png 0.019529195652262847 218 519
0401_c2_bike0001.png 0.019368731695722122 117 35
2135_c6_bike0010.png 0.019325245331268233 145 303
3165_c6_bike0010.png 0.01877160602650818 752 1116
3533_c1_bike0001.png 0.018390874815547242 370 757
2687_c6_bike0004.png 0.018302462614259454 141 308
3853_c5_motor0002.png 0.01770267593996982 111 86
2657_c6_bike0002.png 0.01749402626169471 130 284
2581_c6_bike0003.png 0.017148876112578745 112 143
1747_c4_bike0001.png 0.01680428085737294 226 552
1541_c4_bike0008.png 0.01661472414001397 205 516
2397_c6_bike0009.png 0.01641836798027789 186 481
1471_c5_bike0010.png 0.016267942583731876 1045 1310
2203_c5_bike0009.png 0.015858420709657546 160 413
2171_c5_bike0003.png 0.015447481273003907 107 180
0001_c1_eletric0007.png 0.015436002075699895 123 293
3479_c6_bike0003.png 0.015402896879400966 109 190
2485_c5_bike0001.png 0.015271422005271845 501 880
1849_c5_bike0008.png 0.015262188513720389 104 148
3309_c6_bike0008.png 0.01524271789633575 166 427
4355_c6_motor0005.png 0.015013130277109092 102 110
2591_c6_bike0009.png 0.014724209954367391 159 421
1329_c5_bike0002.png 0.013591223747960735 764 1128
2677_c6_bike0009.png 0.013207227406179268 94 48
3473_c1_bike0001.png 0.012972290799508835 93 64
1419_c5_bike0008.png 0.012808010149103627 217 554
2601_c6_bike0005.png 0.01259475123716934 96 116
1433_c5_bike0002.png 0.012577121374836811 281 651
0975_c5_bike0003.png 0.012308035226493937 110 282
3229_c5_bike0003.png 0.012161482001784973 170 474
2193_c6_bike0003.png 0.012138511462842033 101 208
2037_c6_bike0007.png 0.011952787904124693 90 100
2729_c6_bike0010.png 0.011835405228824702 189 513
3581_c6_bike0006.png 0.011815731478907653 258 621
1357_c5_bike0006.png 0.011786715397580812 100 205
3991_c4_motor0006.png 0.01176893354358744 85 28
2705_c5_bike0001.png 0.011749818572511804 119 341
0849_c5_bike0006.png 0.01150289826740273 84 57
3203_c5_bike0008.png 0.011439456894462328 106 279
4539_c1_motor0008.png 0.01143003209751599 87 101
1929_c5_bike0004.png 0.01142242511629158 118 346
1675_c4_bike0003.png 0.011111111111111072 1241 1342
1493_c4_bike0008.png 0.011111111111111072 1199 1343
0599_c5_bike0002.png 0.011111111111111072 1264 1346
1421_c5_bike0003.png 0.011111111111111072 1268 1347
1807_c5_bike0003.png 0.011111111111111072 1232 1348
3009_c6_bike0010.png 0.011111111111111072 1385 1349
1067_c4_bike0005.png 0.011111111111111072 1369 1350
3627_c6_bike0006.png 0.011111111111111072 1378 1352
4543_c6_motor0006.png 0.011111111111111072 1279 1353
0109_c4_eletric0008.png 0.011111111111111072 1309 1354
2465_c6_bike0003.png 0.010785130033229999 103 266
1887_c5_bike0010.png 0.010751855123618245 173 488
3367_c5_bike0007.png 0.010626049405712247 142 430
0849_c4_bike0009.png 0.010611606744898765 82 113
4433_c6_motor0004.png 0.010352168675313134 133 409
4407_c5_motor0001.png 0.01018760138073645 76 51
2171_c6_bike0003.png 0.009909400245436302 73 65
0001_c2_eletric0007.png 0.00971173978603093 81 158
0825_c5_bike0001.png 0.009704813551710757 80 131
4395_c5_motor0006.png 0.009639773297034178 68 36
3627_c1_bike0007.png 0.009567901234567966 1107 1331
3933_c5_motor0007.png 0.009247923745136112 75 124
0851_c5_bike0004.png 0.009208658300032785 108 342
0851_c4_bike0003.png 0.008359192296371415 98 291
4013_c4_motor0010.png 0.008264325563489692 97 276
1023_c5_bike0006.png 0.008238461335706663 105 344
2239_c6_bike0002.png 0.008109655177889906 71 181
3059_c5_bike0009.png 0.007680289580642126 114 392
3853_c4_motor0010.png 0.007585187771612072 64 38
0889_c4_bike0008.png 0.0073736841550961505 74 204
2615_c6_bike0006.png 0.007231856590597694 59 39
1549_c5_bike0001.png 0.007169808090463803 83 246
0455_c3_bike0004.png 0.006782106782106889 1074 1323
3279_c5_bike0008.png 0.0066947505330952305 115 400
2617_c5_bike0001.png 0.0065800313993980035 65 134
2691_c6_bike0009.png 0.006459425380053712 57 68
3047_c6_bike0003.png 0.006297601735164934 113 402
2779_c5_bike0007.png 0.006229129136873015 60 136
1105_c4_bike0008.png 0.006003936273841548 132 450
1073_c4_bike0008.png 0.005868363176317847 53 82
4081_c4_motor0007.png 0.005673459949316988 139 466
1549_c4_bike0010.png 0.0054608650131025595 95 329
2617_c6_bike0006.png 0.005372186322519361 48 79
3279_c6_bike0010.png 0.005236024906703918 78 271
2691_c5_bike0009.png 0.005188332686029222 49 95
3933_c4_motor0009.png 0.005149963971318079 44 52
2659_c5_bike0009.png 0.005148973879662087 43 23
1047_c4_bike0008.png 0.004806928750380495 40 5
4539_c6_motor0001.png 0.004712039132557815 41 50
0825_c4_bike0006.png 0.004428651733033128 56 184
1433_c4_bike0002.png 0.004284345078683735 229 615
3941_c4_motor0008.png 0.004217045949301782 92 353
4161_c4_motor0010.png 0.004011829272888789 54 193
0247_c6_eletric0009.png 0.0037721288814453677 70 296
2465_c5_bike0010.png 0.0035368657748733184 52 202
2785_c5_bike0010.png 0.0034290314496676537 39 103
3623_c1_bike0006.png 0.003421295435970557 66 254
0515_c5_bike0002.png 0.0033389450056117154 974 1268
2865_c6_bike0005.png 0.0033325888363747794 242 636
1261_c5_bike0003.png 0.0032242609762820618 462 862
1887_c4_bike0010.png 0.0031890340992521142 32 55
4217_c4_motor0005.png 0.0031580514920079485 33 67
2039_c5_bike0008.png 0.0029482341033864913 62 250
4261_c6_motor0001.png 0.0029356505172347938 29 22
2785_c6_bike0003.png 0.0029027128269160543 36 92
0383_c3_bike0005.png 0.002887922093704245 72 316
3059_c6_bike0007.png 0.0028210183246562695 69 307
1073_c5_bike0009.png 0.00266035791815784 31 93
2641_c5_bike0009.png 0.002517202467108551 37 130
0889_c5_bike0005.png 0.002278696374230166 34 139
2151_c6_bike0010.png 0.0021656810872497934 977 1272
0597_c5_bike0006.png 0.0019074287553818847 504 896
1205_c4_bike0005.png 0.0017442586467952032 30 153
1291_c4_bike0008.png 0.0016216858533690782 28 132
3105_c6_bike0008.png 0.001447009780343289 978 1273
2389_c5_bike0001.png 0.001196986663999626 25 106
3473_c6_bike0003.png 0.001120333512000285 22 73
3379_c5_bike0005.png 0.0009902660551020515 571 958
2115_c6_bike0008.png 0.0008159811089729569 35 200
3205_c5_bike0003.png 0.0006818174115600789 174 543
2795_c5_bike0006.png 0.000623966640905299 9 2
4067_c5_motor0008.png 0.0006075038088673132 10 10
2239_c5_bike0001.png 0.0005341880341880323 1027 1314
2553_c6_bike0002.png 0.0005239814652407671 24 138
1711_c5_bike0003.png 0.0004925067219281527 8 11
0347_c1_bike0002.png 0.00041532909697516475 38 222
4067_c4_motor0003.png 0.0003982368047125115 6 12
2795_c6_bike0007.png 0.00028483807116374746 7 31
1711_c4_bike0003.png 0.0002675826921717582 14 74
2685_c6_bike0007.png 0.00014729698779006924 42 256
0667_c3_bike0002.png 0.0 1198 1355
2959_c6_bike0009.png 0.0 1197 1356
3069_c6_bike0008.png 0.0 1220 1357
1471_c4_bike0005.png 0.0 1215 1358
2249_c5_bike0002.png 0.0 1214 1359
0521_c3_bike0010.png 0.0 1365 1360
0683_c3_bike0009.png 0.0 1225 1362
1763_c4_bike0001.png 0.0 1276 1363
3323_c5_bike0010.png 0.0 1247 1365
2751_c6_bike0006.png 0.0 1193 1367
2497_c6_bike0008.png 0.0 1313 1368
3185_c5_bike0003.png 0.0 1300 1370
3557_c6_bike0004.png 0.0 1302 1371
3537_c6_bike0003.png 0.0 1290 1372
0589_c5_bike0007.png 0.0 1315 1373
3487_c1_bike0010.png 0.0 1289 1374
0905_c5_bike0004.png 0.0 1287 1375
0577_c3_bike0007.png 0.0 1263 1376
0291_c5_eletric0003.png 0.0 1222 1377
0893_c5_bike0005.png 0.0 1286 1378
0659_c5_bike0006.png 0.0 1278 1379
0409_c2_bike0004.png 0.0 1362 1380
3185_c6_bike0001.png 0.0 1327 1381
2497_c5_bike0003.png 0.0 1364 1382
3101_c5_bike0002.png 0.0 1160 1383
0657_c5_bike0003.png 0.0 1340 1385
1809_c4_bike0001.png 0.0 1337 1386
1193_c4_bike0010.png 0.0 1329 1387
3697_c2_motor0009.png 0.0 1358 1388
0009_c1_eletric0008.png 0.0 1357 1389
2941_c6_bike0007.png 0.0 1248 1391
3557_c1_bike0006.png 0.0 1347 1392
3327_c6_bike0008.png 0.0 1251 1393
0177_c4_eletric0004.png 0.0 1173 1395
2625_c6_bike0005.png 0.0 1170 1396
0415_c2_bike0004.png 0.0 1168 1397
3153_c5_bike0006.png 0.0 1336 1399
4475_c5_motor0010.png -2.1516714510431468e-05 3 44
4261_c5_motor0007.png -0.00013887820383661972 99 428
3047_c5_bike0006.png -0.0001896245641550033 121 479
2685_c5_bike0006.png -0.00032252778822569193 13 120
2783_c6_bike0004.png -0.00033122274333307353 0 46
3275_c5_bike0003.png -0.0004087186996746296 58 317
2783_c5_bike0004.png -0.0004647102470430332 1 58
1553_c5_bike0001.png -0.0005221178432476686 185 565
1205_c5_bike0001.png -0.0006240554440727815 11 137
2933_c6_bike0010.png -0.0007312586311423674 23 189
2933_c5_bike0005.png -0.0008309143191525111 15 156
3881_c5_motor0005.png -0.001096287025018905 128 500
1355_c5_bike0002.png -0.001166384718703094 46 306
2297_c5_bike0008.png -0.001539893822929031 188 576
2657_c5_bike0002.png -0.0016227654556358571 55 335
3907_c5_motor0010.png -0.0016456267345477482 18 201
4063_c5_motor0005.png -0.001799273849363151 21 211
0347_c2_bike0005.png -0.002680650616900922 12 216
2451_c5_bike0009.png -0.0031440388775048397 79 416
3623_c6_bike0006.png -0.0031771590868598524 51 364
3907_c4_motor0006.png -0.003498141872616471 17 244
1015_c5_bike0004.png -0.0038630835088795477 26 298
1015_c4_bike0006.png -0.004065407882644968 120 503
4217_c5_motor0004.png -0.004181468099463829 20 270
2143_c5_bike0010.png -0.004350445200222903 50 379
1829_c4_bike0008.png -0.004505864755262656 204 617
0729_c4_bike0009.png -0.0051427403565882605 77 437
2039_c6_bike0004.png -0.005178043541938867 5 269
3253_c5_bike0001.png -0.005690197689535475 157 555
3387_c5_bike0003.png -0.005879933762372079 143 536
3091_c6_bike0004.png -0.006032267131158675 924 1248
3457_c6_bike0004.png -0.006086503819415818 67 431
4145_c5_motor0006.png -0.006105978276546631 562 956
0745_c4_bike0005.png -0.006124000315759534 342 766
3615_c6_bike0004.png -0.006172839506172978 975 1277
1251_c4_bike0005.png -0.006671302741619416 224 648
1709_c5_bike0002.png -0.0071098572804459085 4 311
2143_c6_bike0008.png -0.007126721636062936 16 332
2665_c5_bike0007.png -0.00810169740015295 208 640
3165_c5_bike0010.png -0.008460421205519264 594 1000
2395_c5_bike0008.png -0.00858056822969111 885 1226
2443_c6_bike0009.png -0.008743843535195722 488 890
1817_c4_bike0009.png -0.009589256584336472 225 656
2665_c6_bike0010.png -0.010423051929579624 88 494
2891_c5_bike0006.png -0.010961820584718191 116 529
3535_c6_bike0005.png -0.011111111111111072 1129 1364
3317_c6_bike0008.png -0.011111111111111072 1145 1384
0659_c3_bike0005.png -0.011111111111111072 1133 1390
2489_c5_bike0009.png -0.011111111111111072 1142 1394
1291_c5_bike0001.png -0.011443835046512751 19 404
4289_c6_motor0005.png -0.011927521280243618 45 448
1187_c5_bike0005.png -0.012685048802569494 238 677
2477_c5_bike0007.png -0.013495182255643315 89 511
3235_c5_bike0006.png -0.014643788898442867 401 840
1105_c5_bike0001.png -0.01473274992942476 61 489
2615_c5_bike0002.png -0.01478248654687902 27 449
1817_c5_bike0010.png -0.014815239399354037 228 675
3367_c6_bike0008.png -0.015264627763688537 47 480
1733_c5_bike0002.png -0.01675299315229356 599 1009
2287_c5_bike0001.png -0.016879840417903802 280 712
1251_c5_bike0010.png -0.01698098869893338 148 599
3193_c6_bike0006.png -0.017399396570214276 314 760
1709_c4_bike0007.png -0.0186848565936149 2 459
3183_c5_bike0008.png -0.01943255567283461 522 927
3071_c5_bike0004.png -0.019738195083902232 243 695
2405_c6_bike0005.png -0.01990862139635871 137 602
4433_c5_motor0010.png -0.023047221579788196 477 897
4189_c5_motor0010.png -0.02446123817361795 493 910
3301_c5_bike0001.png -0.024857637408407046 428 869
2541_c6_bike0007.png -0.027635501894703485 557 966
3305_c6_bike0005.png -0.028425925925925966 987 1313
2301_c6_bike0009.png -0.02863374547831099 539 957
3499_c1_bike0009.png -0.029034588927358454 282 744
2131_c6_bike0001.png -0.029315285639907554 126 631
3463_c1_bike0001.png -0.030093044640777902 290 749
1289_c5_bike0006.png -0.030908307550247954 274 738
2875_c6_bike0003.png -0.031231562682865338 416 866
1749_c5_bike0007.png -0.031460115620571744 464 895
1053_c4_bike0007.png -0.03284795005829247 368 829
1837_c4_bike0006.png -0.03569775455794877 484 915
1671_c4_bike0002.png -0.03630329561299958 275 748
0961_c4_bike0002.png -0.03729883711823856 558 980
1461_c5_bike0006.png -0.0387632068999197 338 803
3297_c6_bike0006.png -0.03915343915343905 970 1302
3583_c1_bike0007.png -0.039682539682539764 1089 1398
3821_c5_motor0002.png -0.040056349464951624 969 1301
2451_c6_bike0001.png -0.04176855418581178 235 731
0269_c5_eletric0004.png -0.0419830269522915 491 930
2943_c5_bike0002.png -0.0421075837742505 1061 1345
0647_c5_bike0005.png -0.04359591084765019 560 988
0831_c4_bike0005.png -0.043705417389627965 735 1133
2517_c5_bike0010.png -0.04373947960732405 757 1149
1553_c4_bike0003.png -0.044223680627369893 164 691
1393_c4_bike0002.png -0.044869897764555966 486 925
3583_c6_bike0001.png -0.04619410380279931 966 1298
2401_c6_bike0003.png -0.0469941671245461 383 856
2009_c5_bike0007.png -0.04985501515750612 920 1259
4553_c1_motor0005.png -0.04999999999999993 1068 1361
0515_c3_bike0010.png -0.05074341082616553 266 769
3071_c6_bike0009.png -0.051596641386636416 165 702
1541_c5_bike0006.png -0.053848993276222445 63 659
2747_c5_bike0004.png -0.0551985070910902 618 1065
2899_c6_bike0009.png -0.0574832365631619 774 1163
3235_c6_bike0001.png -0.061354245018459486 379 867
2053_c5_bike0007.png -0.061526772190279244 147 716
0173_c5_eletric0010.png -0.06259266407332598 412 889
2885_c6_bike0008.png -0.06424841386999369 168 736
1539_c5_bike0007.png -0.06541041049296215 447 921
3183_c6_bike0005.png -0.06714265416311449 713 1127
0745_c5_bike0007.png -0.06766234341539829 481 952
4063_c4_motor0003.png -0.07530468795800431 86 714
2731_c6_bike0009.png -0.07546523398653829 279 806
0609_c3_bike0001.png -0.07575474634298163 869 1250
2035_c6_bike0007.png -0.07691595615474156 305 841
1991_c5_bike0002.png -0.07772257179719708 323 847
0981_c5_bike0009.png -0.08987748280576965 177 778
4363_c5_motor0010.png -0.08999813825665215 919 1285
0567_c3_bike0005.png -0.09188074090034881 777 1189
3463_c6_bike0002.png -0.09214083222844871 570 1038
1085_c4_bike0001.png -0.09314790148123486 917 1288
3379_c6_bike0008.png -0.09352172595206654 586 1053
1521_c5_bike0003.png -0.09365179866006695 233 810
2923_c5_bike0001.png -0.09489337822671162 992 1366
3487_c6_bike0002.png -0.0951839673067294 910 1284
0637_c5_bike0005.png -0.09532860137878771 339 872
3035_c5_bike0007.png -0.09566821038683443 582 1051
3267_c5_bike0010.png -0.09582396471022918 304 853
0565_c3_bike0001.png -0.09646675533716277 334 871
1675_c5_bike0003.png -0.0995008150890504 831 1236
3275_c6_bike0008.png -0.10408159130412004 199 812
4167_c5_motor0007.png -0.10674199643486929 443 960
0661_c3_bike0007.png -0.10915694117448504 955 1332
3241_c6_bike0008.png -0.11102621704265947 799 1216
3577_c6_bike0005.png -0.11154690568695416 402 935
4289_c5_motor0007.png -0.11327844128157881 91 781
2871_c5_bike0004.png -0.11870928857346505 517 1014
0083_c4_eletric0004.png -0.1212325417709039 425 964
0251_c6_eletric0001.png -0.12978180790573676 197 843
0531_c5_bike0010.png -0.1305623933074913 959 1344
0013_c1_eletric0009.png -0.13110677613424038 753 1190
1959_c4_bike0002.png -0.13329772239373167 595 1083
3305_c5_bike0004.png -0.13340141876734335 670 1124
0735_c5_bike0004.png -0.13725969920152237 390 955
3193_c5_bike0005.png -0.1396791839965803 337 909
2151_c5_bike0004.png -0.1453472746764069 196 859
2251_c6_bike0004.png -0.14574360660732538 656 1115
1955_c4_bike0008.png -0.14612798060056326 354 926
1745_c4_bike0009.png -0.15195889803732932 775 1217
2731_c5_bike0003.png -0.15510780907796873 124 848
4189_c4_motor0005.png -0.15635492368453352 350 939
0573_c5_bike0002.png -0.16357782002943289 795 1239
2485_c6_bike0003.png -0.1698481529363881 609 1101
0961_c5_bike0003.png -0.17011771906472706 386 977
2941_c5_bike0004.png -0.17122182560779042 904 1334
2223_c6_bike0004.png -0.17231202303052706 749 1209
2871_c6_bike0010.png -0.1734462865583679 313 936
2687_c5_bike0010.png -0.17714625463259062 256 907
0193_c6_eletric0001.png -0.1823142238583414 505 1062
3249_c6_bike0003.png -0.18365688886555542 722 1193
3105_c5_bike0010.png -0.18695273834774573 914 1351
2811_c5_bike0004.png -0.18749733779011896 694 1165
0573_c3_bike0004.png -0.1933291443757169 729 1206
1575_c4_bike0009.png -0.19667118993819782 289 941
0567_c5_bike0001.png -0.20802255725999397 309 965
2401_c5_bike0010.png -0.2135148894565742 456 1055
2885_c5_bike0006.png -0.2160116442374844 181 922
1591_c4_bike0007.png -0.22502251493497974 391 1028
2517_c6_bike0004.png -0.2343813593813594 745 1237
2557_c6_bike0002.png -0.2383561037409769 190 948
4281_c6_motor0003.png -0.24400232732254548 530 1097
1329_c4_bike0006.png -0.24438549448869368 677 1183
2467_c6_bike0010.png -0.24535643174150396 369 1030
3091_c5_bike0001.png -0.2559073830088324 547 1106
4297_c6_motor0009.png -0.2564836047866207 292 1001
2193_c5_bike0001.png -0.2670449781844506 681 1202
2621_c6_bike0002.png -0.31238825637746526 583 1148
3491_c6_bike0007.png -0.314961206265554 780 1317
2811_c6_bike0002.png -0.3204361395056565 122 1008
2203_c6_bike0007.png -0.3250377916419381 151 1015
1749_c4_bike0009.png -0.33481932411030124 426 1103
2255_c5_bike0006.png -0.3358599108750181 603 1164
2001_c4_bike0007.png -0.3547145005834721 492 1125
3881_c4_motor0007.png -0.35690083667060624 207 1052
0941_c4_bike0008.png -0.35750866225903966 240 1061
1355_c4_bike0001.png -0.3659645606245029 567 1155
0475_c3_bike0002.png -0.37197544129914833 600 1187
1665_c5_bike0007.png -0.3743948117678892 563 1159
3571_c1_bike0004.png -0.3781558435067207 662 1234
3559_c6_bike0010.png -0.3844442836272901 454 1126
3109_c6_bike0007.png -0.39184542858433474 703 1276
2257_c6_bike0007.png -0.3965104126188805 638 1225
2313_c5_bike0003.png -0.4053627510342188 653 1240
3383_c6_bike0007.png -0.4080695654663878 395 1117
3319_c6_bike0001.png -0.4083396431972249 526 1157
3249_c5_bike0009.png -0.4210796692414339 707 1305
0309_c6_eletric0007.png -0.44354628124111845 418 1145
3821_c3_motor0002.png -0.4441323567610134 688 1299
0309_c1_eletric0008.png -0.44651089626633667 508 1168
3291_c6_bike0007.png -0.44833764631033035 671 1281
0167_c4_eletric0006.png -0.46741524440355087 374 1140
2395_c6_bike0003.png -0.5069760973269746 633 1274
1821_c5_bike0009.png -0.5116085156596261 483 1201
1963_c4_bike0005.png -0.5358207600415434 267 1142
0177_c5_eletric0005.png -0.5408034522105014 520 1224
0531_c3_bike0010.png -0.5440901903545583 680 1369
0383_c2_bike0009.png -0.5454075894653554 409 1188
3291_c5_bike0005.png -0.6115731369198609 465 1242
4553_c6_motor0007.png -0.6307403354149044 453 1249
0597_c3_bike0008.png -0.6565983025249245 397 1241
0375_c2_bike0004.png -0.6698511954639406 574 1333
3301_c6_bike0010.png -0.6907079666883587 568 1336
0465_c2_bike0008.png -0.7224854131448998 384 1263
2993_c5_bike0001.png -0.7347528830115894 451 1309
1575_c5_bike0004.png -0.7888313909257705 408 1320
